WORD_LOWER	EMO_MEAN	AROUSAL_MEAN
aal	-0,5	2,380952381
aas	-2,1	2,631578947
abart	-1,6	3,277777778
abbau	-1	3
abbauen	-0,8	2,105263158
abbild	-0,2	2,105263158
abbruch	-0,7	2,904761905
abdanken	-0,4	2,666666667
abdruck	-0,1	2,235294118
abend	1,65	1,833333333
abendrot	2,4	2
abends	1	2,052631579
abfahrt	0,3	3,117647059
abfall	-1,7	2,411764706
abflug	0,7	3,142857143
abfuhr	-1,35	3,55
abgang	-0,95	2,315789474
abgas	-2,05	2,882352941
abgeben	-0,029411765	2,19047619
abgrund	-1,4	3,882352941
abhang	-0,5	3,352941176
abhauen	-0,9	3,210526316
abhilfe	0,8	2,157894737
abitur	0,8	3,952380952
abkehr	-0,6	2,80952381
ablauf	0	2,105263158
ableger	0,1	2,222222222
ablehnen	-0,941176471	3,047619048
abmagern	-1,2	2,315789474
abort	-0,9	2,380952381
abreise	-0,3	3,294117647
absage	-2	3,368421053
absatz	-0,088235294	2,235294118
abscheu	-2,1	4,058823529
abschied	-2,1	3,238095238
abseits	-1,1	2,842105263
absender	0	2,117647059
absicht	0,6	2,578947368
abstand	-0,352941176	1,944444444
abstieg	-1,4	2,944444444
absturz	-2	4,095238095
absurd	-1	3,421052632
abt	0,2	1,526315789
abtei	0	1,842105263
abteil	-0,15	2,117647059
abwasser	-1,2	2,5
abweg	-0,95	2,523809524
abwehr	-0,7	3,19047619
abwurf	-0,3	2,941176471
abzug	-0,5	2,9375
achse	0	2,166666667
achsel	-0,45	2,375
achten	1,2	2,368421053
achtung	0,6	3,619047619
adel	-0,3	2,555555556
adeln	0,4	2,4
adjutant	-0,3	3,176470588
adler	1,25	2,444444444
adoption	0	2,888888889
adressat	0,1	2
adria	1,4	2,666666667
advent	1,05	1,736842105
affe	1	3
affekt	0	3,625
agent	0,45	2,944444444
aggression	-1,764705882	4,333333333
agil	1	2,315789474
ahnen	0,294117647	2,633333333
ahnung	0,7	3
ahorn	1,3	1,722222222
akademie	0,588235294	3,142857143
akribie	-0,7	2,421052632
aktie	0,6	2,157894737
aktion	1	2,944444444
aktiv	1,6	3,263157895
aktivität	1,705882353	3,315789474
akzent	0	3,210526316
alarm	-1,4	4,444444444
albern	-0,2	3,052631579
album	0,8	2,476190476
alkohol	-0,1	3,5
allee	1,2	1,333333333
allein	-1,8	2,45
alltag	-0,1	2,25
almosen	-0,8	2,666666667
alpdruck	-1,9	3,166666667
alptraum	-2,8	4,529411765
altar	0,3	2,35
altbau	0,7	2,526315789
alter	-0,55	2,047619048
altklug	-1,1	2,210526316
amateur	-0,3	2,5
amboß	-0,32	2,32
amerika	0,4	3,055555556
ami	-0,4	2,714285714
ampel	-0,7	2,678571429
ampulle	-0,73	3,14
amsel	1,15	1,8
amt	-0,7	2,526315789
amulett	0,9	2,368421053
anbahnen	0,2	2,944444444
anbau	0,85	1,578947368
anbieten	0,676470588	1,736842105
änderung	0,352941176	2,833333333
anekdote	0,8	2,619047619
anekeln	-2,1	3,607142857
anerkennen	1,588235294	3
anfall	-1,7	3,888888889
anfallen	-0,9	3,789473684
anfang	0,8	3
anflug	0,5	2,473684211
angeben	-1,382352941	2,761904762
angebot	0,970588235	2,904761905
angehen	0,705882353	2,368421053
angeklagte	-1,647058824	3,380952381
angel	-0,15	2,15
angeregt	1,3	3,473684211
angler	-0,2	2
angriff	-2	4
angst	-2,6	4,380952381
anheizen	0,5	2,833333333
anker	1	1,888888889
anklage	-1,5	3,857142857
anklagen	-1,3	3,833333333
anklang	1,4	1,722222222
anlegen	0,205882353	2
anleihe	-0,852941176	2,238095238
anlocken	0,4	2,433333333
anmut	1,8	2,25
anmutig	1,9	2,333333333
annahme	0,235294118	2,3125
annehmen	0,735294118	2,380952381
anomal	-1,5	2,315789474
anomalie	-1,5	3,666666667
anonym	-0,4	2,684210526
anormal	-1,4	2,421052632
anpumpen	-1,1	2,421052632
anregung	1,3	3,111111111
anreiz	1,3	3,736842105
anruf	1,35	2,833333333
anrufen	1,205882353	2,842105263
ansporn	1,5	3,277777778
ansprechen	0,852941176	2,714285714
anstehen	-0,9	2,473684211
anteil	0,3	2,3125
antrag	0,3	3,058823529
antwort	0,941176471	2,684210526
antworten	0,970588235	2,157894737
anwalt	-0,2	2,894736842
anwidern	-2	3,526315789
anzahl	0,2	1,705882353
apathie	-1,6	3,333333333
apfel	1,2	1,833333333
appetit	1,1	2,722222222
applaus	1,8	3,588235294
aquarium	0,59	1,36
arbeit	0,05	2,833333333
arbeiten	-0,058823529	2,684210526
arbeiter	-0,235294118	2,222222222
archiv	0,45	1,894736842
arg	-1,2	2,526315789
ärger	-1,9	3,944444444
ärgernis	-1,9	3,789473684
argwohn	-1,3	3,444444444
armee	-2,1	4
armut	-1,95	3,333333333
aroma	1,4	2,157894737
arrest	-2	3,764705882
arroganz	-1,9	3,611111111
arsch	-1,1	4
arsen	-2	3,388888889
arsenal	-0,9	2,285714286
arzt	0,088235294	2,777777778
asche	-1	2,857142857
aschfahl	-1,9	1,894736842
aschgrau	-1,4	1,631578947
askese	-0,4	2,625
asket	-0,7	2
asozial	-2,4	2,526315789
asyl	-0,3	3,388888889
atemnot	-2,2	4,4375
atlas	0,95	2,333333333
atmung	1,9	2,470588235
atombombe	-2,794117647	4,421052632
attentat	-2,4	4,705882353
aufatmen	1,5	2,277777778
aufbau	0,55	2,285714286
aufbauen	1	2,421052632
aufbruch	0,9	3,238095238
aufenthalt	0,764705882	2,571428571
auffordern	-0,117647059	3
aufgabe	0,411764706	2,777777778
aufgeben	-1,470588235	2,210526316
aufhalten	-0,411764706	2,157894737
aufhören	-0,558823529	2,142857143
aufleben	1,8	2,888888889
aufnahme	0,676470588	2,714285714
aufnehmen	1,029411765	2,368421053
aufpreis	-1,4	2,705882353
aufsatz	0,1	2,388888889
aufseher	-0,9	2,578947368
aufstand	-1,2	3,944444444
aufstieg	1,8	3,294117647
auftrag	0,7	2,821428571
auftreten	0,029411765	2,714285714
aufwind	1,3	2,611111111
aufzucht	0,3	2,611111111
auge	1,117647059	2,055555556
august	1,5	2,210526316
ausbaden	-1,3	2,421052632
ausbau	0,617647059	1,631578947
ausbildung	1,147058824	3,380952381
ausblick	1	2,222222222
ausbruch	-0,7	3,476190476
ausdauer	1,6	2,235294118
ausfall	-1,2	3,055555556
ausflug	1,5	2,6875
ausgabe	-0,264705882	2,333333333
ausgeben	-0,323529412	2,5
auskunft	0,5	2,117647059
auslösen	0,264705882	2,157894737
ausmaß	-0,411764706	2,5625
ausnahme	0,205882353	2,944444444
ausreden	0,3	2,263157895
aussage	0	2,222222222
aussetzen	-0,676470588	2,052631579
aussicht	1,470588235	2,222222222
ausstieg	-0,5	2,882352941
auswahl	0,705882353	2,238095238
auswirkung	-0,411764706	2,578947368
auswurf	-0,9	2,368421053
autark	0,6	3
autonom	0,8	2,947368421
autorität	-0,970588235	3,631578947
aversion	-1,7	3,833333333
baby	1,9	2,833333333
bach	1	1,777777778
bad	1,2	2,333333333
bagger	0,36	2,45
bahre	-1,6	2,789473684
bakterie	-1,7	3,5
balance	0,9	3
balken	0,3	2,111111111
balkon	1,35	2,055555556
ball	1,5	3,18
ballast	-1,1	2,944444444
ballon	1,35	2,277777778
balsam	1,3	1,315789474
baltikum	0	2,055555556
banane	1,32	1,95
bandit	-0,95	2,578947368
bank	-0,235294118	2,277777778
bankrott	-2,3	2,789473684
banner	0	2,8125
bar	0,823529412	3,157894737
barbar	-1,05	3,75
bargeld	1,8	2,941176471
barriere	-1,3	3,333333333
barsch	-1,3	2,947368421
basis	0,35	1,722222222
bastard	-1,5	3,833333333
batterie	-0,14	1,91
bauen	0,911764706	2,333333333
bauer	0,15	1,833333333
baum	1,5	1,5
bazille	-1,7	3,5
beachten	0,7	2,894736842
beamte	-1,411764706	2,333333333
beantragen	-0,852941176	2,666666667
beben	-1,2	4
becher	0,55	1,714285714
bedarf	-0,264705882	2,352941176
bedauern	-1	2,526315789
bedenken	0,176470588	2,722222222
bedeuten	1,029411765	2,631578947
bedeutung	0,941176471	2,857142857
bedienen	-0,5	2,214285714
bedingung	-0,911764706	2,578947368
bedrohen	-2,029411765	4
bedürfen	-0,294117647	2,315789474
bedürfnis	0,382352941	3,476190476
beenden	-0,558823529	2,666666667
befallen	-1,4	3,333333333
befangen	-1,2	2,631578947
befehl	-2	3,75
befinden	0,323529412	2,277777778
befreien	1,941176471	3,222222222
befreier	1,3	2,833333333
befreiung	2,205882353	3,380952381
befugnis	0,7	2,761904762
befund	-0,15	2,9
befürchten	-1,411764706	3,095238095
begabung	2,2	2,625
begegnen	1,382352941	3,142857143
begegnung	1,558823529	2,785714286
begeistern	2,147058824	3,5
begierde	0,2	3,722222222
beginn	1,3	2,789473684
begleiten	1,235294118	2,761904762
begnadet	1,7	2,411764706
begraben	-2,1	3,555555556
begreifen	1,088235294	2,904761905
begründen	0,382352941	2,523809524
begrüßen	1,5	2,380952381
behandeln	0,382352941	2,421052632
behandlung	-0,441176471	2,833333333
behaupten	-0,323529412	2,380952381
behörde	-1,529411765	3,055555556
behutsam	1,2	1,684210526
beichte	-0,2	2,823529412
beifall	1,7	2,941176471
beihilfe	0,5	3,19047619
beil	-1,64	3,59
beileid	-2	3,1875
beispiel	0,303030303	1,944444444
beitragen	1,088235294	2,333333333
bejubeln	2,2	3
bekennen	0,382352941	2,761904762
bekommen	1,029411765	2,105263158
belastung	-1,647058824	3,592592593
beleg	-0,3	1,944444444
belegen	-0,058823529	2,285714286
beliebt	2,4	2,888888889
belohnen	1,9	2,5
beneiden	-1,2	3,263157895
bengel	-0,15	3,263157895
benötigen	-0,294117647	2,315789474
benzin	-0,8	2,857142857
bequem	1,7	1,944444444
beraten	0,823529412	2,421052632
beratung	0,8	2,421052632
berauben	-2,2	3,722222222
bereich	0,029411765	1,777777778
bereiten	0,558823529	1,947368421
bereuen	-0,6	2,789473684
bericht	-0,029411765	2,277777778
berichten	0,558823529	2,047619048
beruf	0,6	2,684210526
berühren	1,794117647	2,892857143
beseitigen	-0,882352941	2,526315789
besen	-0,25	2,05
besetzen	-0,617647059	2,666666667
besorgt	-1,3	3,157894737
bestätigen	0,970588235	2,210526316
besteck	0,59	2
bestehen	1	2,789473684
bestellen	0,647058824	1,894736842
bestie	-2,1	4,529411765
bestimmen	-0,470588235	2,473684211
bestimmung	0,147058824	3
bestreiten	-0,970588235	2,684210526
besuch	1	2,722222222
besuchen	1,441176471	2,761904762
besucher	1	2
beteiligen	0,588235294	2,421052632
betonen	0,588235294	2,333333333
betrachten	0,676470588	2,142857143
betrag	-0,15	2,35
betragen	-0,382352941	1,894736842
betreffen	-0,151515152	2,421052632
betrieb	-0,235294118	2,111111111
betrug	-2,05	3,8
bett	2	2,166666667
betteln	-1,5	3,111111111
beule	-1,4	3,2
beutel	0,6	1,421052632
bewahren	0,882352941	2,421052632
bewähren	0,470588235	2,333333333
bewegen	1,352941176	2,631578947
bewegung	1,617647059	3,294117647
beweis	0,6	2,368421053
beweisen	0,205882353	2,761904762
bewerber	0	2,647058824
bezahlen	-0,529411765	2,535714286
bezeichnen	0,323529412	2
beziehung	1,617647059	3,666666667
bibel	0,5	2,904761905
biber	1	1,894736842
biene	1,15	2,388888889
bier	0,7	2,894736842
biest	-1,6	4,1
bieten	0,176470588	2,157894737
bikini	1,73	3,36
bilanz	-0,705882353	2,433333333
bild	1,058823529	1,882352941
bilden	1,323529412	2,842105263
bildung	1,882352941	2,555555556
billigen	-0,4	2,222222222
binden	0,382352941	2,684210526
birke	1,2	1,421052632
birne	1	1,722222222
bischof	-0,823529412	2,052631579
bitte	0,65	2,857142857
bitten	0,382352941	2,619047619
bitter	-1,3	2,526315789
blamage	-1,8	3,888888889
blase	-0,7	2,210526316
blei	-0,617647059	1,894736842
bleiben	0,823529412	1,789473684
blick	1,264705882	2,277777778
blitz	0,5	3,904761905
blondine	0,6	2,631578947
blume	2,15	1,6875
bluse	0,68	2,41
blut	-0,882352941	3,666666667
blüte	2,32	1,91
blutig	-1,8	4,35
bluttat	-2,8	4,277777778
boden	0,05	1,555555556
bodenlos	-1,6	3,555555556
bogen	0,8	1,947368421
bohne	0,65	1,578947368
bohrer	-0,15	3,15
bombe	-2,5	4
bomber	-2,25	4,25
bonbon	1,7	2,125
boot	1,05	2,82
börse	-0,647058824	2,052631579
borste	-0,35	2,75
boshaft	-1,9	3,944444444
botschaft	0,735294118	3,285714286
brauchen	-0,235294118	2,789473684
brause	0,8	2,368421053
braut	1	2,833333333
brechen	-1,323529412	3,142857143
brennen	-1,529411765	3,464285714
brezel	1,64	2,23
brief	1,5	2,222222222
brigade	-1,264705882	2,666666667
brillant	2,2	3,166666667
brille	-0,65	2,210526316
britisch	0,6	2,052631579
bronze	0,7	2,666666667
brot	0,91	1,95
brücke	0,82	2,09
bruder	1,676470588	2,222222222
brunnen	0,55	1,86
brust	1,264705882	2,833333333
brutal	-2	4,526315789
buch	1,911764706	1,888888889
buche	1,15	1,368421053
buddha	0,82	2,27
bühne	1,441176471	2,833333333
bulle	-0,6	2,789473684
bullig	-0,9	3,789473684
bumerang	0,86	3,36
bündnis	0,294117647	2,444444444
bunker	-1,8	3,45
bunt	1,6	2,210526316
burg	1,23	3
büro	-0,617647059	2,178571429
bursche	-0,529411765	2,157894737
bürste	0,23	2,05
busen	1,85	3,25
butter	0,6	1,842105263
cello	0,95	2,09
chance	2,1	3,176470588
chaos	-0,05	4
charakter	1,264705882	3,421052632
charme	2,3	2,736842105
chef	0,2	3,055555556
christus	-0,117647059	2,611111111
dachs	0,45	2,5
dackel	0,27	2,77
dame	1	2,277777778
dampfer	0,64	2,55
dank	1,823529412	2,277777778
danken	1,911764706	1,842105263
darlehen	-0,7	2,80952381
darm	-1,14	2,91
darstellen	0,882352941	2,526315789
dasein	1,5	2,5
datum	0,3	2,1875
dauer	-0,85	2,619047619
dauern	-0,235294118	2,047619048
daumen	0,45	1,75
debatte	-0,911764706	3,142857143
decke	1,36	1,59
deckel	-0,09	1,86
defensiv	-0,6	2,473684211
defizit	-2	3,333333333
dekadent	-2	2,263157895
delikt	-1,6	3,411764706
delle	-0,9	2,333333333
demokrat	0,235294118	2,555555556
demokratie	0,617647059	3,263157895
demut	-0,9	3,047619048
denker	1,8	2,352941176
derb	-1,1	2,631578947
dessert	1,6	2,176470588
detail	0,2	2,3125
deutung	0,5	2,411764706
diagnose	-0,7	3,619047619
dialekt	0,4	2,6875
diamant	1,7	2,833333333
dichter	1,588235294	2,277777778
dieb	-1,8	3,5
diele	0,4	1,875
dienen	-1,088235294	2,476190476
diener	-0,5	2,277777778
dienst	-0,764705882	2,142857143
diffus	-1,2	2,473684211
diktatur	-2,5	4,294117647
dilemma	-1,8	3,705882353
ding	-0,029411765	1,555555556
diplom	1,8	3,470588235
diplomat	0,9	2,578947368
dirne	-1	2,523809524
diskussion	0,029411765	3,368421053
distel	-0,55	2,157894737
dogge	-0,95	2,571428571
doktor	0,8	3,428571429
dokument	0,6	2,1
dolch	-1,3	4,052631579
dominanz	-0,6	3,526315789
donner	-0,2	3,947368421
dose	-0,18	2
dosis	-0,7	3,238095238
dozent	0,1	2,578947368
drache	0,4	3,444444444
drama	0,1	3,888888889
drängen	-1,323529412	3,933333333
dreck	-1,5	3,526315789
drillen	-1,7	3,166666667
dringen	-0,823529412	2,789473684
droge	-1,25	3,947368421
drohen	-2,176470588	3,928571429
drohung	-2,1	4,176470588
druck	-1,588235294	3,611111111
drücken	-0,176470588	2,714285714
duell	-0,5	3,666666667
duft	1,7	2,388888889
duften	1,5	2,444444444
dummheit	-1,9	3
durst	-1,1	3,45
dusche	1,7	2,1875
echse	0,3	2,65
effekt	0,4	3,315789474
egoismus	-1,1	3,722222222
ehe	0,647058824	3,19047619
ehelos	-0,2	2,473684211
ehre	0,911764706	3,095238095
ehrgeiz	1,5	3,555555556
ehrlich	2,2	2,111111111
ehrung	1,15	2,9
eiche	1,45	1,722222222
eid	0,1	3,526315789
eidechse	0,32	2,82
eifel	0,6	2,380952381
eifer	0,8	3,052631579
eifrig	0,8	2,947368421
eigelb	0,8	2,333333333
eigenart	0,3	2,5
eigentum	1,2	2,444444444
eimer	0,1	1,647058824
eindruck	0,4	2,176470588
einengen	-2	3,5
einfall	1,5	3,058823529
einfalt	-1,2	2,555555556
eingehen	0,029411765	2,19047619
einheit	1,176470588	2,235294118
einigung	1,5	2
einklang	1,9	1,529411765
einladen	1,676470588	2,533333333
einladung	1,647058824	2,6
einnahme	0,4	2,444444444
einsam	-2,2	3,1
einsatz	1	2,764705882
einsetzen	0,411764706	2,736842105
einsicht	1,090909091	2,111111111
einstellen	0,352941176	2,238095238
einsturz	-1,7	4,058823529
eintracht	0,441176471	1,842105263
eintreten	0,147058824	2,142857143
eintritt	0,3	2,75
eis	1,8	2,789473684
eitel	-1,1	3,052631579
ekel	-2	4
ekstase	2	4,5
elch	1	2,91
elefant	1,32	2,95
elend	-2,1	4,1
embargo	-1,7	3,222222222
emotion	0,7	3,133333333
empfangen	1,147058824	2,761904762
empfehlen	1,088235294	2,285714286
empfinden	1,5	2,333333333
ende	-0,6	2,80952381
enden	-0,941176471	2,761904762
endziel	0,6	3,80952381
energie	2,1	3,470588235
engel	2,15	2,222222222
enkel	1,25	2,277777778
entdecken	1,735294118	3,2
ente	0,91	2,41
entfallen	-0,676470588	2,368421053
entfernen	-0,705882353	2,866666667
entfernung	-1,088235294	2,380952381
enthalten	-0,352941176	2,19047619
entlassen	-1,617647059	3,333333333
entsetzt	-1,8	3,555555556
entstehen	1,176470588	2,105263158
entwurf	0,6	2,052631579
entziehen	-1	1,947368421
entzug	-1,7	3,444444444
erbe	1,1	2,777777778
erbeten	0,058823529	2,157894737
erbin	0,8	3,285714286
erbitten	-0,2	2,722222222
erbse	0,6	1,619047619
erdbeben	-1,7	4,470588235
erdbeere	2,5	2,82
erde	1,9	2,444444444
erfahren	1,235294118	2,714285714
erfahrung	1,735294118	3,421052632
erfassen	0,411764706	2,380952381
erfinder	1,3	2,666666667
erfolg	2,1	3,315789474
erfolgen	0,235294118	2,523809524
erfordern	-0,970588235	2
erfüllen	1,411764706	2,947368421
erfüllung	2,058823529	2,285714286
ergänzen	0,764705882	2,2
ergeben	-0,529411765	2,45
ergebnis	0,735294118	2,789473684
ergreifen	0,147058824	2,428571429
erhalten	0,852941176	2,052631579
erheben	0,088235294	2,095238095
erholung	2,3	1,294117647
erinnern	1,352941176	3
erinnerung	1,411764706	2,947368421
erkennen	1,235294118	2,80952381
erkenntnis	1,764705882	3,428571429
erlauben	0,647058824	1,894736842
erleben	1,735294118	3,095238095
erlebnis	1,3	2,833333333
erledigen	0,088235294	3
erleiden	-1,941176471	3,733333333
ermitteln	-0,294117647	2,5
ernte	1,2	2
erotik	2,3	4,4375
erreger	-1,2	3,888888889
erreichen	1,558823529	2,523809524
errichten	0,676470588	2,157894737
errichtung	0,411764706	2
ersaufen	-2,4	3,421052632
ersetzen	-0,470588235	2,238095238
erteilen	-0,323529412	1,789473684
ertrag	1,5	2,315789474
erwarten	0,470588235	2,666666667
erwartung	0,705882353	3,428571429
erweitern	1,176470588	1,947368421
erwerb	1,05	2,684210526
erwerben	0,852941176	2,263157895
erzählen	1,352941176	2,842105263
erzeugen	0,941176471	2,571428571
erzeuger	0,8	3,052631579
erzeugnis	0,470588235	2,380952381
erzfeind	-2,5	3,666666667
erzielen	0,588235294	2,476190476
esel	1,05	2,73
essen	1,558823529	3,526315789
essig	-0,25	2,611111111
ethik	0,9	3,238095238
eule	0,64	2,09
euphorie	1,4	3,777777778
euter	-0,25	2,368421053
ewigkeit	1,5	2,222222222
existenz	1,6	3,222222222
fabel	1,45	2,052631579
fabrik	-0,7	2,285714286
fächer	0,68	2,14
faden	0,2	1,8
fähigkeit	1,617647059	3
fahndung	-1,1	3,333333333
fahne	-0,2	2
fahren	0,970588235	2,619047619
fahrer	0,55	2,473684211
fahrrad	1,55	3
fahrt	0,941176471	2,368421053
fall	-1,090909091	2,833333333
falle	-1,7	4
fallen	-1,058823529	2,578947368
fällen	-0,705882353	2,095238095
falte	-0,45	2
familie	1,8	2,277777778
fangen	-0,529411765	2,964285714
fantasie	2,4	2,888888889
farbe	1,6	2,210526316
fasan	1	2,05
fasching	0	2,777777778
faschismus	-2,735294118	4
fassade	-0,2	2,222222222
fassen	0,058823529	2,052631579
faust	-0,823529412	3,210526316
feder	1,3	1,666666667
fee	2,3	2,444444444
fehde	-1,45	3,222222222
fehlen	-1,529411765	2,866666667
fehler	-1,6	3,19047619
feier	2,1	3,4375
feiern	2,088235294	3,277777778
feiertag	1,9	1,941176471
feigling	-1,8	3,352941176
feile	0,2	2,421052632
feind	-2,147058824	4,15
fenster	1,14	1,91
ferien	2,6	2,294117647
fernrohr	0,77	2,41
fernsehen	0,205882353	2,3
ferse	0,2	2,125
fessel	-1,3	4,05
fest	1,852941176	2,888888889
festlegen	-0,441176471	2,368421053
festtag	2	2,75
festung	0,1	3,411764706
fett	-1,5	3,5
feucht	-0,4	3,45
feuer	0,05	3,722222222
feurig	0,9	4,157894737
fibel	0,4	1,947368421
fichte	0,85	1,761904762
fieber	-1,8	3,7
figur	0,35	2,526315789
film	1,5	2,611111111
filmstar	1	3,111111111
filter	0,1	2,176470588
finale	0,9	3,523809524
finden	1,352941176	2,526315789
finder	0,75	1,894736842
finger	0,7	2,105263158
firma	0,25	2,444444444
fisch	0,36	2,36
flagge	0,59	2,5
flamingo	1	2,68
flamme	0,6	3,315789474
flasche	0,45	1,95
flaute	-1,05	2,111111111
flegel	-0,9	2,368421053
fleisch	-0,441176471	3,055555556
flexibel	1,7	2,444444444
fliege	-0,95	2,157894737
fliegen	1,676470588	3,523809524
fließen	0,911764706	2,047619048
flirt	1,7	4,368421053
floß	0,68	3
flöte	0,5	2,27
fluch	-2,1	3,65
flucht	-1,529411765	3,888888889
flüchtling	-1,205882353	3,210526316
flughafen	0,848484848	3,476190476
flugzeug	0,5	3,333333333
flut	-0,8	3,619047619
fohlen	1,4	2,368421053
föhn	0,41	2,27
folge	-0,15	2,6
folter	-2,8	4,684210526
foltern	-2,8	4,444444444
fordern	-0,882352941	2,736842105
fördern	1,441176471	2,142857143
forderung	-0,852941176	2,952380952
förderung	1,147058824	2,523809524
form	0,352941176	2,222222222
forsch	-0,2	3,25
forscher	1,088235294	2,666666667
forschung	1,058823529	2,80952381
fortsetzen	0,852941176	2,333333333
fortuna	2,2	2,666666667
foto	0,9	3,263157895
fracht	0,3	2,6
frage	0,15	2,333333333
fragen	0,676470588	2,380952381
fraktion	-0,764705882	2,263157895
frau	1,4	2,5
fräulein	-0,352941176	3
fraulich	1,5	2,5
freier	-1,1	3,444444444
freiheit	2,8	4
freitod	-2	3,777777778
freizeit	2,4	2,882352941
freude	2,7	3,411764706
freudig	1,9	2,944444444
freudlos	-2,2	2,368421053
freuen	2,205882353	3,107142857
freund	2,558823529	2,052631579
frevel	-1,7	3,444444444
friede	2,4	1,4
frieden	2,529411765	1,611111111
friedhof	-1,6	3,166666667
frist	-1,2	3,19047619
frisur	0,75	2,714285714
froh	1,8	2,277777778
fromm	0,4	2,3
front	-1,647058824	3,5
frosch	-0,09	2,82
frühjahr	2,029411765	2,444444444
fuchs	-0,18	3,5
fühlen	2	3,473684211
führer	-2,176470588	3,888888889
führung	-0,470588235	2,444444444
füllen	0,529411765	2,107142857
füller	0,73	2,32
fund	1	2,666666667
funke	0,65	3,105263158
funktionär	-1,411764706	2,210526316
furcht	-2,2	4,421052632
fürchten	-1,647058824	3,857142857
fusion	0,8	2,571428571
futter	0,85	2,368421053
gabel	0,3	2,111111111
galgen	-2,2	4,117647059
galle	-1,6	2,823529412
ganove	-1,4	3,65
gans	0,19	2,86
garaus	-1,75	3,333333333
garten	1,8	1,611111111
gas	-1,470588235	3,380952381
gast	1,411764706	2,277777778
gatte	0,7	3,047619048
gauner	-1,35	3,6
gebein	-1,15	2,722222222
gebet	0,75	2,714285714
gebiet	0,1	2,315789474
gebot	0,2	2,777777778
geburt	1,9	4,176470588
geburtstag	1,911764706	3,142857143
gedanke	1,5	2,611111111
gedenken	0,588235294	2,736842105
gedicht	0,7	2,947368421
geduld	2	1,823529412
gefahr	-1,8	4,380952381
gefährden	-1,647058824	3,9
gefallen	1,529411765	2,392857143
gefängnis	-2,264705882	3,052631579
gefühl	2,205882353	3,111111111
gegend	0,3	1,944444444
gegensatz	0,029411765	3,066666667
gegenteil	-0,029411765	2,761904762
gegner	-1,4	3,619047619
gehalt	1,1	2,777777778
geheim	-0,6	3,157894737
geheimnis	1,117647059	3,80952381
gehen	0,411764706	2,315789474
geheul	-1,6	3,7
gehirn	1,5	3,277777778
gehören	0,058823529	2,210526316
geier	-0,5	3,176470588
geige	1,5	2,59
geisel	-2,2	4,35
geist	1,1	2,833333333
geiz	-1,6	3,611111111
gejammer	-1,7	3,222222222
gekicher	0	3,111111111
gelaunt	0,1	2,555555556
geld	1,6	2,944444444
geldgier	-1,2	3,833333333
gelenk	0,05	2,315789474
geliebte	1,5	3,777777778
gelingen	1,676470588	2,578947368
gelten	0,294117647	2,052631579
gemein	-1,9	3,9
gemeinde	0,441176471	2,055555556
gemetzel	-2,3	4,333333333
gemse	0,7	1,857142857
gemüse	1,32	1,82
general	-1,352941176	2,833333333
genial	2,4	3,5
genie	1,9	3,705882353
genießen	2,323529412	2,133333333
genosse	-0,794117647	2,761904762
gerede	-1,1	3,05
gericht	-0,939393939	3,428571429
geruch	0	2,684210526
gesang	1,85	2,05
geschehen	0,264705882	2,523809524
geschenk	2,3	3,470588235
geschichte	0,764705882	2,714285714
geschrei	-1,5	3,941176471
gesetz	-0,9	2,684210526
gesicht	1	2,666666667
gesindel	-1,4	3,111111111
gespräch	1,441176471	2,666666667
gestalten	1,411764706	2,133333333
gestaltung	1,147058824	2,476190476
gestank	-2,1	3,588235294
geste	1,05	2,111111111
gestehen	-0,058823529	3,142857143
gesund	2,7	1,631578947
gesundheit	1,970588235	2,233333333
gewalt	-2,7	4,380952381
geweih	0,09	2,62
gewicht	-0,970588235	3,333333333
gewinn	2,1	3,882352941
gewinnen	1,676470588	3,210526316
gewissen	0,7	3,315789474
gewitter	0,6	3,631578947
ghetto	-1,7	4,05
giebel	0,2	2,157894737
gierig	-1,5	3,947368421
gift	-2,5	4
giftgas	-3	4,222222222
gigant	0,35	3,789473684
giraffe	1,36	2,82
girlande	1,36	2,91
gitarre	1,91	3
gitter	-0,7	2,619047619
glanz	1,8	2,611111111
glas	0,64	1,77
glaube	0,8	3,105263158
glauben	1,088235294	2,631578947
globus	0,86	2,32
glocke	0,64	2,41
glück	2,617647059	2,933333333
glut	0,5	3,052631579
gnade	1	2,25
gold	1,4	2,5
gott	1,5	2,5
grab	-2,3	3,777777778
granate	-2,5	4,0625
grandios	2,2	3,444444444
gras	0,77	1,59
gratis	1,5	2,611111111
grausam	-2,2	3,888888889
greifen	0,088235294	2,133333333
grenze	-0,2	3
greuel	-2,15	3,875
grinsen	0,9	3,210526316
großmacht	-1,852941176	3,714285714
grube	-0,95	2,523809524
grund	0,5	2,315789474
gründen	0,970588235	2,315789474
grundlage	0,558823529	2,238095238
grundstück	0,764705882	2,033333333
gründung	0,705882353	2,473684211
gruppe	0,5	2,388888889
gruselig	-1,5	3,736842105
gruß	1,441176471	1,684210526
gummi	0,45	2,333333333
gurgel	-1,45	2,722222222
gurke	0,8	1,619047619
gurt	0,5	1,95
gürtel	-0,05	2,23
gutartig	2	1,944444444
guttun	2	1,578947368
habgier	-1,7	3,722222222
hafen	1,15	2
hafer	0,75	1,473684211
haftung	-0,9	2,842105263
hagel	-1,1	3
hahn	0,41	2,23
hai	-0,5	3,333333333
halbtot	-2	2,789473684
halle	0,2	2,055555556
halunke	-1,4	3,5
hammer	-0,32	3
hamster	0,86	2,41
hand	1,205882353	1,777777778
handikap	-1,3	3,111111111
hanf	-0,3	2,333333333
hängen	-0,823529412	2,526315789
hantel	-0,27	2,5
harfe	1,45	1,5
harmonie	2,5	1,764705882
hase	1,64	2,82
hassen	-2,5	4,444444444
haube	-0,1	2,157894737
haus	1,264705882	1,833333333
hausfrau	0	2,277777778
haushalt	-0,1	2,0625
haustier	1,2	2,222222222
hebel	0,35	2,25
heben	0	2,142857143
hefe	0,32	1,82
hehlerei	-1,4	3,444444444
heide	1	1,611111111
heilfroh	2,2	2,277777778
heilung	2,6	2,352941176
heimat	1,7	1,8125
heimkehr	1,2	2,722222222
heirat	1,05	3,277777778
heiraten	1,382352941	3,789473684
heißen	0,617647059	2,142857143
heiter	1,8	2,65
heizung	1,14	1,82
held	2,1	3,5
helfen	2	3,095238095
helfer	1,9	2,421052632
hemd	0,68	1,95
hemmnis	-1,7	3
henker	-2,35	4,235294118
henne	0,25	2,058823529
herbst	1,1	1,65
herd	0,91	2,64
herde	0,35	2,388888889
hering	-0,05	2,157894737
heroisch	0,7	2,894736842
herr	-0,294117647	2,555555556
herrschaft	-1,941176471	3,157894737
herrschen	-1,911764706	3,285714286
herstellen	0,676470588	2,052631579
herz	2,3	3,277777778
herzlos	-2,5	2,263157895
hetzen	-1,4	3,947368421
hetzer	-1,95	3,833333333
heucheln	-1,9	3,888888889
heulen	-1,7	3,85
hexe	-0,7	3,142857143
hilfe	1,3	3
hilflos	-1,8	4
himbeere	1,95	2,5
himmel	2,25	1,65
hinweis	0,5	2,470588235
hirsch	0,68	2,86
hirse	0,4	1,611111111
hirte	0,85	2,210526316
hitze	-0,75	3,789473684
hobby	2,2	2,875
hobel	0,3	2,117647059
hochmut	-1,4	3,277777778
hochschule	0,794117647	3,380952381
hochzeit	1	3,5
hocker	0,14	1,95
hoffen	1,647058824	2,392857143
hoffnung	2,2	2,611111111
höhe	0,5	3,263157895
höhepunkt	1,735294118	4,095238095
holen	0,176470588	2
honig	1,8	1,5625
horde	-1,2	3,2
hormon	0,15	3,25
hornisse	-1,86	3,73
horoskop	-0,1	2,888888889
horror	-2,15	4,388888889
hose	0,77	2
hotel	1,15	2,5
huhn	-0,09	2,43
human	1,9	2,05
hummer	-0,09	2,55
humor	2,15	3,8125
humorlos	-2,1	2,263157895
hunger	-0,6	3,631578947
hupe	-0,82	3,45
hure	-1,3	3,777777778
hypnose	0	3,166666667
hypothek	-1,6	3,055555556
ideell	1,2	2,473684211
idiot	-2	3,176470588
idylle	2,5	1,823529412
igel	0,73	2,55
iglu	0,64	2,68
illegal	-2	3,526315789
imker	1	2,166666667
impfung	-0,1	2,833333333
import	0,55	1,842105263
impuls	1	3,631578947
industrie	-0,647058824	2,523809524
inferno	-1,8	4,277777778
inhalt	0	2,25
initiative	1,411764706	3,315789474
insekt	-0,45	3
insel	2,05	2,166666667
instinkt	0,7	3,526315789
instrument	1,176470588	3,315789474
intensiv	1	3,894736842
interesse	1,617647059	3,19047619
intim	1,3	3,789473684
intrige	-2,2	3,875
irre	-1,5	3,777777778
irrlehre	-1,6	3,333333333
irrsinn	-2,1	4,125
irrtum	-1,058823529	3,222222222
islam	-0,05	3,055555556
jacke	0,68	2,18
japan	0,25	2,111111111
jauche	-1,9	3,157894737
jawort	1	2,842105263
jazz	0,8	3,578947368
job	1,1	3,476190476
jubel	2	3,647058824
jugend	1,55	3,294117647
junge	0,8	2,80952381
jungfrau	0,3	2,294117647
justiz	0,1	3,333333333
juwel	1,5	2,842105263
kabel	-0,3	2,25
käfer	-0,68	2,91
kaffee	1,4	2,277777778
käfig	-1,86	3,27
kakao	1,65	1,529411765
kaktee	0,27	2,36
kaktus	0,5	2,428571429
kalorie	-0,8	2,842105263
kamel	1,1	2,277777778
kamera	1,5	3
kamerad	1,5	2,4375
kamin	1,65	1,5
kamm	0,23	1,91
kammer	-0,823529412	2,052631579
kampf	-1,6	4,047619048
kämpfen	-0,647058824	3,761904762
kampflos	-0,6	2,315789474
kanal	-0,6	2,19047619
kandidatur	-0,352941176	2,8
känguruh	1,18	2,95
kanne	0,6	1,684210526
kanon	0,7	2
kanone	-1,77	3,91
kante	-0,5	2,611111111
kanzel	-0,85	1,947368421
kanzler	-1,029411765	2,444444444
kappe	-0,1	2,055555556
karaffe	0,41	1,95
kargheit	-1,4	2,588235294
karriere	1,9	3,176470588
karte	0,8	2,368421053
kartei	-0,5	2
karton	0	1,842105263
käse	0,95	2,32
kasino	0,5	2,473684211
kasperl	1,23	2,82
kasse	-0,15	2,333333333
kassette	0,41	2,09
kastanie	0,91	2,14
kater	1	2,611111111
katze	1,45	2,111111111
kauf	0,558823529	3
kaufen	0,823529412	3,157894737
kegel	0,35	2
kehle	-0,15	3,210526316
kehren	-0,558823529	2,2
keks	1,91	2,36
keller	0	2,722222222
kennen	1,117647059	2,368421053
kenntnis	1,147058824	2,222222222
kerbe	-0,2	2,55
kerker	-1,9	4,058823529
kerze	1,5	1,647058824
kette	0,45	2,833333333
ketzer	-1,45	3,777777778
keule	-1,3	2,944444444
kichern	0,7	2,962962963
kiefer	0,6	1,842105263
kiesel	0,5	1,611111111
killer	-2,4	4,294117647
kind	1,8	2,444444444
kiosk	0,8	2,047619048
kirche	0,05	2,333333333
kirsche	2,18	2,73
kissen	1,65	1,647058824
kiste	0,45	1,888888889
kitsch	-1,2	2,5
klage	-1,55	3,470588235
klang	1,3	1,578947368
klären	1,058823529	2,761904762
klarheit	2,2	2,235294118
klasse	0,470588235	2,722222222
klassik	0,7	3,052631579
klaue	-1,2	3,45
klauen	-2	3,631578947
klavier	1,91	2,36
klee	1,8	1,388888889
klette	-0,9	2,263157895
klient	-0,2	2,789473684
klima	0,25	2,210526316
klinge	-1,3	3,684210526
klingel	0,14	2,73
klinik	-1	3,3
klinke	0,23	1,91
klippe	0,1	3,388888889
klischee	-1	3,380952381
kloster	0,058823529	1,833333333
klugheit	2,3	2,8125
knabe	0,55	2,157894737
knausern	-1,2	2,105263158
knebel	-1,55	3,95
knebeln	-1,5	3,722222222
kneipe	1,3	2,444444444
knochen	-0,86	2,95
knospe	1,65	2,176470588
koalition	-0,617647059	2,285714286
kobold	0,6	2,473684211
kobra	-0,8	3,631578947
koffer	0,7	2,315789474
kohle	0,15	2,555555556
kohlrabi	0,09	2,09
kollaps	-1,9	4,222222222
kollege	0,705882353	2,619047619
kollektiv	0	2,894736842
komet	1,1	3,4
komfort	2	1,823529412
komik	1,45	3,055555556
komisch	0,7	2,578947368
komitee	-0,823529412	2,666666667
komma	-0,35	1,941176471
kommen	1,117647059	2,631578947
kommission	-1	2,052631579
kommode	0,64	1,82
kommunist	-0,617647059	2,894736842
kompass	0,68	2,55
komplize	-1,1	3,444444444
komplott	-1,9	3,705882353
kondom	0,91	3,45
konflikt	-1,6	3,666666667
konkurrenz	-1,058823529	3,263157895
konkurs	-1,8	3,294117647
können	1,676470588	2,736842105
konsequenz	-0,558823529	3,476190476
kontakt	1,4	2,777777778
konto	0,5	3,333333333
kontrolle	-1,029411765	2,684210526
konzert	1,794117647	2,5
kopflos	-1,3	3,105263158
kopie	0,05	1,944444444
koran	-0,25	3
korb	0,41	1,86
korrupt	-1,9	3,421052632
kosmetik	0,3	2,176470588
kosten	-1,529411765	2,952380952
kraft	1,382352941	3
kraftlos	-1,6	2,722222222
kralle	-1	2,684210526
krank	-2	3,368421053
krankheit	-1,735294118	3,766666667
kranz	0,86	2,23
krawatte	0,14	2,27
kreativ	2,6	2,944444444
kredit	-1,235294118	3,277777778
kreide	-0,32	2,09
kreis	0,382352941	1,888888889
kreisel	0,68	2,86
kreuz	0,5	2,421052632
krieg	-2,9	4,571428571
kriegen	-0,5	3,19047619
krimi	0,6	3,263157895
krise	-1,9	3,619047619
kritik	-0,8	3,428571429
krokodil	-0,95	4
krokus	1,4	1,9
krone	1,15	2,555555556
krücke	-1,95	3,45
kruzifix	0,6	2,80952381
kuchen	1,6	2
kugel	0,45	2
kuhle	-0,05	1,8
küken	1,77	3,05
kult	-0,1	2,833333333
kultur	1,5	2,421052632
kummer	-1,9	3,6875
kümmern	1,323529412	1,857142857
kumpan	1,15	2,1
kunde	0,35	2,3
kündigen	-1,088235294	2,894736842
kunst	1,823529412	2,444444444
künstler	1,794117647	2,888888889
kupfer	0,5	1,944444444
kuppe	0,05	2,222222222
kürbis	0,5	2,36
kurort	0,75	2,19047619
kurve	0,05	2,823529412
küssen	2,617647059	3,178571429
küste	2	1,833333333
kutsche	1,27	2,45
labil	-1,5	3,05
labor	-0,15	2,578947368
lächeln	2,294117647	2,357142857
lachen	2,647058824	2,833333333
ladung	0,15	2,764705882
lage	-0,058823529	1,833333333
lager	0,1	2,111111111
laken	0,45	1,894736842
lampe	0,85	2,142857143
landschaft	2	2,842105263
lanze	-0,55	2,619047619
larve	-0,4	2,736842105
last	-1,676470588	3,388888889
laster	-1,05	3,222222222
latein	-0,15	2,263157895
laterne	1,24	2,19
laube	1,3	1,75
lauer	-0,6	2,476190476
laufbahn	1	2,277777778
laufen	0,764705882	2,047619048
lauge	-0,4	2,35
laune	0,6	3,157894737
launisch	-1,9	3,222222222
laut	-0,8	3,473684211
lawine	-1	4,1
leben	2,382352941	2,666666667
lebendig	2,5	3,055555556
leblos	-2,3	3,5
leder	0,5	2,238095238
leere	-1,05	2,421052632
legen	0,205882353	1,842105263
lehre	0,65	2,80952381
lehrer	0,05	2,444444444
lehrerin	-0,2	2,666666667
lehrhaft	0,5	2,444444444
lehrjahr	-0,5	2,277777778
lehrling	-0,1	2,8125
lehrzeit	-0,4	2,388888889
leib	0,8	2,80952381
leiche	-2,45	4,142857143
leichnam	-2,4	3,941176471
leichte	0,8	2,095238095
leid	-2	4,166666667
leiden	-1,941176471	3,833333333
leiern	-1,2	1,894736842
leim	0	2,111111111
leine	0	2,5
leinwand	0,4	1,941176471
leisten	0,617647059	2,428571429
leistung	1,8	3,111111111
leitbild	0,3	2,352941176
leiter	0,25	2,25
leittier	-0,1	2,352941176
lektion	-0,4	2,941176471
lende	0,7	2,523809524
lenkbar	0	2,611111111
lenken	-0,029411765	2,333333333
lenker	0,32	2
lenkrad	0,4	2,0625
lenkung	0,5	2,352941176
lenz	1,3	1,944444444
leopard	1,3	3,333333333
lepra	-2,4	4
lerche	1,2	1,65
lernbar	1,3	2
lernen	0,8	2,526315789
lesebuch	0,6	2,736842105
leser	1,3	2,111111111
lesesaal	0	1,333333333
lesung	0,4	2
letzte	-1,2	3,157894737
leuchte	1,3	2,388888889
leuchten	1,8	2,5
leugnen	-1,7	3,5
leugnung	-1,7	3,333333333
leumund	-0,6	1,684210526
leute	0,75	2,894736842
lexikon	0,3	2,5625
liaison	1	3,166666667
libelle	1,1	1,888888889
liberal	1,3	2,157894737
licht	2	2,611111111
lichtung	1,3	2,111111111
lid	0,2	1,842105263
lieb	2,2	2,166666667
liebe	2,9	3,631578947
liebelei	0,9	3,904761905
lieben	2,705882353	3,666666667
lieblos	-2,3	3,277777778
liebreiz	1,7	3,058823529
lied	1,6	1,944444444
liefern	0,6	2,107142857
liege	1,3	1,526315789
liegen	0,823529412	2,238095238
lift	0,4	2,555555556
lilie	1	1,611111111
limit	-0,7	3,142857143
limonade	1,4	1,666666667
linde	1,35	1,444444444
lindern	1,3	1,714285714
lineal	0,3	2,052631579
linie	0,1	1,842105263
linse	0,5	1,944444444
lippe	1,55	2,333333333
liquide	1	1,894736842
list	-0,5	3,277777778
liste	-0,35	2,4
listig	-0,4	3,210526316
litanei	-0,5	2,5
liter	0,5	1,888888889
literatur	1,852941176	3,047619048
lizenz	0,2	2,842105263
lob	2	2,666666667
lobby	0,2	2,526315789
loben	1,8	2,25
loblied	2	2,235294118
loch	-0,9	2,428571429
locher	-0,14	1,82
locken	0	2,888888889
lodern	-0,3	3,111111111
löffel	0,59	2,14
logik	1,15	2,35
logisch	1,2	1,789473684
lohn	1,5	2,722222222
lorbeer	1,4	2,111111111
lösen	1,058823529	2,631578947
lossagen	-0,3	2,157894737
losung	0	2,764705882
lösung	1,529411765	2,388888889
lotse	0,65	2,238095238
lotterie	0,4	3,222222222
lotto	0,25	2,473684211
lotus	1,45	1,888888889
löwe	0,36	4,05
loyal	2,1	2,105263158
luder	-1,1	3,75
luft	2,2	2,222222222
luftloch	-0,6	3,047619048
luftraum	0,6	2,105263158
lug	-2	2,421052632
lüge	-2,117647059	4,055555556
lukrativ	1,7	2,5
lump	-1,4	2,888888889
lunge	0,3	2,777777778
lupe	0	2,294117647
lust	2,1	3,666666667
lustlos	-1,5	2,277777778
lutschen	0,6	2,392857143
lutscher	1,14	2,59
luxus	1,7	2,941176471
lynchen	-2,6	4,210526316
lyrik	0,7	3,157894737
machen	0,735294118	2,526315789
macher	1,1	2,95
macht	0,1	4,15
machtlos	-2	3
mädchen	1,323529412	2,666666667
madeira	1,4	2,611111111
madonna	1	2,555555556
mafia	-1,8	4,157894737
magazin	0,5	2,352941176
magd	-0,3	2,777777778
magen	0,5	2,428571429
mager	-1,2	3,25
magie	0,75	3,210526316
magier	1	3,421052632
magisch	1,2	2,789473684
magma	0	3,052631579
magnet	0,6	2,210526316
mahl	1,1	2,055555556
mahlzeit	1,4	2,111111111
mahnen	-1,3	3,055555556
mahnmal	-1	3,523809524
mahnung	-1,4	3,944444444
mai	1,7	2,368421053
maibaum	0,8	2,142857143
mais	0,9	2,210526316
makaber	-1,1	2,947368421
makel	-1,5	2,75
makellos	1,5	2,833333333
makler	-0,4	2,176470588
malaria	-2,1	4
maler	1,4	2,111111111
malerei	1	2,055555556
mama	2,3	2,388888889
manager	0,7	2,842105263
manege	0,6	2,428571429
mangel	-1,9	3,0625
mango	1,71	2,43
manie	-1,25	3,777777778
manko	-1,05	2,777777778
mann	1,2	2,388888889
mannschaft	0,382352941	2,523809524
mantel	1,05	1,91
manuell	0	2,111111111
mappe	0,3	2,111111111
markant	0,8	3,105263158
marke	0,05	2,222222222
markt	0,8	2,380952381
marotte	-0,7	2,571428571
marter	-2,1	3,444444444
martern	-2,2	3,785714286
marxist	-0,9	2,473684211
masche	-0,85	2,095238095
maske	-0,1	3,444444444
massage	2,2	1,5625
massaker	-2,8	4,611111111
masse	-0,8	2,210526316
massiv	-0,1	3,15
maßnahme	-0,529411765	2,421052632
matratze	1,2	2,388888889
matt	-1,1	1,578947368
matte	0,15	1,722222222
mauer	-0,5	2,777777778
maul	-1,1	2,944444444
maulen	-1,4	3,157894737
maulkorb	-1,5	3,5
maus	0	3,27
mausgrau	-1,4	1,736842105
maximal	1,2	2,578947368
maximum	1	3,166666667
mechanik	0,3	2,294117647
medaille	1,6	2,888888889
medizin	1,4	2,833333333
meer	1,8	2,666666667
mehrheit	0,5	2,470588235
meiden	-1,1	3
meineid	-1,8	3,375
meinen	0,558823529	2,315789474
meinung	1,5	2,666666667
meise	0,6	1,857142857
meister	1,1	2,777777778
meistern	1,5	2,944444444
melden	0,088235294	2,285714286
melodie	1,7	2,235294118
melodram	-0,9	3,619047619
melone	1,82	2,27
menge	-0,2	2,722222222
mensa	-0,05	2
mensch	1,6	2,722222222
menschheit	0,941176471	3,210526316
mentor	1	1,894736842
mephisto	-0,4	3,5
merkmal	0	2,5
messer	-0,6	3,476190476
metall	-0,05	2,65
meter	0,15	2,157894737
metzger	-0,5	3,333333333
meute	-1,25	3,444444444
meuterei	-1,6	3,647058824
meutern	-1,8	3,789473684
mickrig	-1,1	2,210526316
miene	0,55	2,904761905
mies	-2	3,555555556
miete	-1,35	2,473684211
mieten	-0,4	2,5
mieter	-0,3	2,368421053
mietzins	-1,2	2,833333333
mikado	0,82	2,59
mikrofon	0,59	2,82
milch	1,5	1,666666667
milchbar	1,1	1,833333333
mild	1,1	1,578947368
milieu	-0,8	2,526315789
militant	-2	3,611111111
miliz	-1,95	3,722222222
million	1,5	3,277777778
mimik	0,75	3,285714286
mimose	-1,5	2,526315789
minder	-0,9	1,947368421
mine	-0,7	3,142857143
minigolf	0,4	1,777777778
minimal	-0,3	2,388888889
minimum	-0,6	2,285714286
minirock	1,2	2,888888889
minister	-0,1	2,277777778
minus	-1	3,052631579
minute	0,029411765	2,277777778
mirakel	0,6	2,761904762
mischehe	-0,5	2,777777778
missetat	-2,2	3,222222222
mission	0,9	2,631578947
mist	-1,5	3,222222222
mitgeben	0,1	1,777777778
mitgift	0,6	2,863636364
mitglied	0	2,222222222
mitleid	0	3
mittag	1,2	1,75
mitte	0,75	2,105263158
mittel	0,088235294	2,555555556
mode	0,7	3,095238095
moder	-1,5	2,894736842
modern	0	2,789473684
mogeln	-1,1	3,052631579
mögen	1,764705882	3,157894737
mohn	0,3	2,055555556
mohr	0,4	2,333333333
möhre	0,91	1,73
mokka	1,1	2,4
molch	-0,2	2,3
moll	-0,2	2,277777778
mollig	-0,8	2,631578947
monarch	-0,4	2,611111111
monat	0,3	2,111111111
mond	1,3	1,833333333
mondlos	-0,6	1,421052632
monogam	0,2	2
monolog	-0,7	2,052631579
monopol	-1	2,904761905
monoton	-1,3	1,842105263
monstrum	-1,8	4,352941176
moor	0,3	2,777777778
moorbad	0,2	1,944444444
moos	0,7	1,904761905
moped	-0,2	2,631578947
moral	-0,1	2,555555556
moralist	-0,8	2,736842105
morast	-1,1	2,777777778
mord	-2,8	4,444444444
morden	-2,7	4,388888889
mordfall	-2,4	4,222222222
mordtat	-2,9	4,277777778
morphem	-1	2
morsch	-1	2,894736842
mörser	-0,45	2,32
moskito	-1,4	3,444444444
motiv	0,25	2,555555556
motor	0,45	2,8
motorrad	1,4	2,888888889
motte	-1,55	3,05
motto	0,6	2,19047619
möwe	-0,05	2,91
muffig	-1,4	1,736842105
mühe	-0,117647059	2,888888889
mumie	-0,6	2,842105263
mundraub	-1,2	3,388888889
munition	-1,8	3,588235294
munkeln	-1,1	2,578947368
munter	1,7	3,210526316
murmel	1,25	1,473684211
murren	-1	2,105263158
muschel	1,55	2,18
musical	1,1	2,555555556
musik	2,4	1,85
musikbox	1	2,777777778
musiker	1,3	2,222222222
muskel	1,05	2,86
müssen	-1,382352941	2,80952381
mustern	-0,6	2,857142857
mut	2,1	3,666666667
mutation	-1,4	3,5
mutig	2,2	3,315789474
mutlos	-1,4	2
mutter	2,05	2,666666667
mutti	1,8	1,75
mystik	0,6	3,19047619
mystisch	0,3	2,263157895
mythos	0,9	3
nabel	0,6	2,315789474
nachbar	-0,1	2,375
nachfolger	-0,176470588	2,428571429
nachmittag	1,235294118	2,210526316
nachrede	-1,6	3,176470588
nachricht	0,617647059	3,052631579
nachruf	-0,7	2,642857143
nacht	1	2,888888889
nachteil	-1,3	3,166666667
nachweisen	-0,294117647	2,666666667
nackt	0,8	3,842105263
nadel	-0,55	2,857142857
nagel	0,25	2,666666667
nah	0,8	2,526315789
nähe	2	2,277777778
nahrung	1,9	2,176470588
naiv	-0,8	2,315789474
name	0,588235294	2,210526316
namenlos	-1	1,789473684
namhaft	1,1	2,526315789
narbe	-1,15	3,421052632
narbig	-0,9	2,526315789
narkose	-1,2	3,555555556
narr	-0,7	2,736842105
naschen	1,2	2,684210526
nase	0,32	2,32
national	0,1	2,473684211
natter	-1,15	3,65
natur	2,35	1,888888889
nazi	-2,9	4,666666667
nazizeit	-2,6	4,375
nebel	-0,55	2,684210526
neblig	-0,7	2,526315789
necken	0,6	2,842105263
neffe	0,85	2,238095238
negation	-1,2	2,722222222
negativ	-2,4	3,555555556
neger	-0,6	3,523809524
negerin	-0,6	3,380952381
nehmen	0,088235294	2
neid	-1,9	3,555555556
neidisch	-1,5	3,833333333
neidlos	0,9	1,526315789
neige	-0,85	2,142857143
neigen	0,088235294	1,928571429
neigung	0,4	2,4375
nein	-1,6	3,333333333
nelke	1,15	1,842105263
nennen	0,294117647	2
nett	1,8	2,055555556
neubau	-0,2	2,25
neugier	0,3	3,555555556
neurose	-1,9	3,888888889
nichte	0,45	2
nicken	0,852941176	2
niederlage	-1,794117647	3,666666667
niedlich	1	1,789473684
niemand	-1,1	1,842105263
niere	-0,4	2,705882353
niete	-1,5	2,8125
nikotin	-0,7	3,238095238
niveau	1,352941176	2,111111111
nonne	-0,45	2,277777778
not	-2	3,944444444
notar	-0,2	2,333333333
note	-0,4	2,833333333
notfall	-1,7	4,529411765
notiz	0,65	2,052631579
notwehr	-1,1	3,777777778
november	-0,5	2,166666667
nuckel	0,86	2,09
nudel	1,55	1,578947368
nuklear	-2,1	4
nutzen	0,823529412	2,263157895
oase	2,2	1,722222222
obhut	0,65	2,105263158
objekt	0,35	2,263157895
obst	1,4	2,111111111
ochse	0,1	2,5
ofen	1	2,18
offizier	-1,352941176	2,944444444
öffnen	0,941176471	2,238095238
ohnmacht	-1,6	3,444444444
ohrfeige	-2	4,3125
omen	-0,2	3,333333333
onkel	0,95	2,368421053
oper	0,735294118	3,095238095
opfer	-2,1	3,904761905
opfern	-1,4	3,266666667
opium	-1,1	3
opposition	-0,176470588	3,380952381
optik	0,55	2,315789474
optimal	2,4	2,722222222
optimist	2,1	2,823529412
orakel	0,7	2,80952381
orchidee	1,68	2,09
orden	0,35	2,444444444
ordner	-0,23	2,05
ordnung	0,9	2,894736842
organ	0	2,736842105
orgel	0,95	2,476190476
orgie	0,3	4,222222222
orkan	-1	4,2
osten	0,5	2,428571429
osterei	1,6	2
ostern	1,05	2,111111111
ozean	1,9	2,722222222
paar	1,764705882	1,944444444
paddel	0,55	2,59
paket	1,05	2,722222222
pakt	-0,6	3,571428571
palast	1,7	2,611111111
palme	1,6	1,764705882
panda	1,45	2,64
panik	-1,8	4,578947368
panisch	-2,1	4,222222222
panne	-1,9	3,588235294
panorama	1,5	1,888888889
panther	1,4	3,222222222
panzer	-2,2	4,235294118
papa	1,9	2,5
papagei	1,55	3,18
pappe	-0,05	1,941176471
paprika	1	1,91
papst	0,2	2,789473684
paradies	2,8	2,294117647
paradox	-0,4	2,888888889
parasit	-1,8	3,764705882
parfum	0,9	3,047619048
parfüm	1,77	3
paris	1,65	2,555555556
park	1,941176471	1,833333333
parlament	-0,558823529	2,789473684
parole	-0,2	3,105263158
partei	-0,6	2,619047619
partisan	-0,8	2,736842105
partner	2,1	2,5
party	2,1	3,705882353
passion	0,9	3,105263158
passiv	-1,1	1,526315789
paste	-0,15	1,944444444
pastor	-0,65	2,19047619
pater	-0,1	2,166666667
patient	-1	2,842105263
pause	1,15	1,380952381
pech	-2	3,333333333
pedal	0,45	2,333333333
pedant	-1,05	3,444444444
pegel	-0,45	2,5
pein	-1,9	3,722222222
peiniger	-2,3	4,111111111
peinlich	-1,5	3,722222222
peitsche	-1	3,666666667
pelz	-0,3	2,611111111
pendel	0,3	1,894736842
pensum	-0,4	2,65
perfekt	2,4	3,166666667
perle	1,5	2,375
perser	0,2	2,7
person	0,5	2,055555556
pervers	-2,1	3,631578947
pest	-2,8	4
pfaffe	-1,6	2,333333333
pfanne	0,65	1,842105263
pfarrer	0,4	2,4375
pfau	1,09	2,55
pfeife	0,4	2,45
pfeil	-1,18	3,1
pferd	1,18	3,09
pfiffig	1,6	2,444444444
pflaster	-0,55	2,91
pflege	0,45	2
pflegen	0,941176471	2,666666667
pflicht	-0,3	2,833333333
pfote	0,85	2,714285714
phase	0	2,444444444
phonem	-0,9	2,052631579
photo	1,55	2,529411765
pilger	0,15	2,3
pille	-0,6	3,523809524
pilot	0,6	2,631578947
pilz	-0,5	2,73
pinsel	0,55	1,966666667
pinzette	-0,41	2,41
piranha	-1,3	4
pirat	-0,2	3,9
piste	0,85	2,571428571
pistole	-1,5	3,944444444
pizzeria	1,4	2,5
plage	-2	3,333333333
plagen	-1,8	3,3
plagiat	-0,8	2,473684211
plakat	0,7	2,476190476
plan	0,7	2,571428571
planet	1,2	2,368421053
planlos	-1,7	2,473684211
plantage	0,6	2,285714286
planvoll	1,2	2,157894737
plappern	-0,7	3,2
platin	1,3	2,5
platte	0,45	2,368421053
platz	0,382352941	2,117647059
platzen	-0,4	3,566666667
plaudern	0,5	2,178571429
pleite	-1,9	3,736842105
po	0,9	3,684210526
pochen	-0,7	2,578947368
poesie	1,2	2,277777778
pointe	1,5	3,210526316
pokal	1	2,722222222
poker	0,2	3,222222222
politik	-0,882352941	3
polizei	-0,2	3,166666667
polizist	-0,3	3,588235294
polygam	-0,5	2,210526316
pony	1,45	2,76
porree	-0,18	1,86
portal	0,9	2,105263158
porto	-0,65	1,789473684
portwein	1,1	2,166666667
positiv	2,4	2,611111111
potenz	1,15	3,631578947
pracht	2	3,157894737
prahlen	-1,3	3,315789474
praline	1,5	2,444444444
pranger	-2,1	3,888888889
pranke	-0,95	2,714285714
präsident	-0,882352941	2,952380952
präsidium	-0,941176471	2,157894737
prater	0,55	2,523809524
predigen	-0,4	2,5
preis	0,1	2,611111111
prellung	-1,5	3,277777778
premiere	0,9	3,19047619
presse	-0,4	3,176470588
prima	2,7	2,578947368
primitiv	-1,4	2,368421053
prinzessin	0,970588235	3,473684211
privileg	1,1	3
probe	0	2,388888889
problem	-1,7	3,222222222
produktion	0,264705882	2,368421053
professor	0,058823529	2,578947368
profi	1,4	2,95
profil	0,65	2,666666667
profit	0,5	3,052631579
prognose	0,3	2,882352941
programm	0,294117647	2,388888889
promille	-0,8	3,380952381
prosten	1,1	2,684210526
protest	0,088235294	3,666666667
protzen	-1,2	3,526315789
prozent	-0,088235294	2,277777778
prunk	0,6	2,052631579
psyche	0,5	3,259259259
psychose	-2,1	4,6875
pudel	0	1,777777778
puder	0,65	1,947368421
pullover	1,05	1,82
pulver	-0,15	2,842105263
pumpe	0,3	2,176470588
punkt	0,176470588	1,888888889
puppe	0,45	2
purpur	1,5	2,65
puste	-0,25	2,842105263
putzen	-1,4	2,210526316
putzig	0,9	2,210526316
quader	0,1	1,882352941
qual	-2,7	4,111111111
qualität	1,647058824	2,277777778
quelle	1,5	2,058823529
quote	-0,05	2,055555556
rabatt	1,35	2,210526316
rabe	-0,68	3,09
rache	-2,05	4,210526316
rachen	-0,9	2,210526316
radar	-1,05	2,888888889
radau	-1,25	3,611111111
radikale	-1,9	3,777777778
rahmen	0,176470588	1,842105263
rakete	-0,6	3,466666667
rampe	0,25	2,722222222
ramsch	-0,941176471	2,142857143
rasierer	0,23	2,27
rasse	-1,25	3,4
rast	0,9	1,904761905
rasthaus	0,8	2,238095238
rastlos	-1,5	3,166666667
ratlos	-1,2	2,947368421
ratte	-0,95	2,714285714
raub	-1,8	3,888888889
raubtier	-0,2	3,882352941
rauchen	-1,029411765	3,19047619
raucher	-0,9	2,894736842
raum	0,735294118	2,142857143
raupe	-0,15	2,157894737
rausch	0	3,473684211
razzia	-0,9	3,736842105
realität	0,323529412	2,833333333
rebell	0,15	4
rechen	-0,470588235	2,666666667
rechnen	-0,176470588	2,578947368
rechnung	-1,6	3,055555556
rede	0,235294118	2,625
redner	0,5	2,444444444
redselig	-0,1	2,5
referat	-0,6	3,285714286
reform	0,75	3,033333333
regal	0,55	2,047619048
regel	-0,4	2,5
regen	0,323529412	2,055555556
regent	0,1	2,9
regentag	-0,8	3,333333333
regieren	0,3	2,933333333
regierung	-0,852941176	2,842105263
regler	0,1	2,35
reglos	-1,2	2,157894737
regnen	-0,1	1,736842105
regung	0,75	2,952380952
reiberei	-1,4	3,5
reich	1,6	2,95
reichen	0,617647059	1,789473684
reichtum	1,5	3,352941176
reife	1,2	1,684210526
reigen	1,05	2,105263158
reihe	0	1,944444444
reiher	0,55	2,095238095
reinfall	-1,7	3,277777778
reinheit	1,4	2,111111111
reise	2,25	3,294117647
reisen	2,235294118	3,05
reißen	-1,147058824	2,052631579
reiter	1	2,555555556
reiz	0,4	3,388888889
reizen	-0,4	3,8
reizvoll	1,6	3,333333333
rekord	1,3	3,526315789
rekrut	-0,95	2,368421053
rektor	-0,9	2,714285714
religion	0,5	2,421052632
rennen	0,441176471	2,666666667
renner	0,55	2,333333333
rente	0,25	2,35
republik	-0,147058824	2,388888889
retten	1,676470588	3,555555556
retter	2	3,5625
reue	0,1	2,944444444
revier	-0,2	2,588235294
revolution	0,470588235	4
revolver	-2,14	4,14
rheuma	-1,9	3
richten	-0,852941176	2,761904762
richter	-0,823529412	3,523809524
riese	0,2	3,052631579
rinde	0,35	1,888888889
ring	1,411764706	2,777777778
riskant	-0,2	3,666666667
ritter	0,95	3,047619048
ritze	-0,15	2,529411765
rivale	-1,5	4,058823529
rivalin	-1,4	3,888888889
robbe	1,25	1,947368421
robust	1,6	2,473684211
rock	1	2,77
roggen	0,65	1,789473684
rolle	0,25	2,111111111
roman	1,7	1,888888889
romanze	1,7	3,647058824
rose	1,5	1,833333333
rosten	-1,1	2,55
rotwein	1,7	2,5
rubin	1,4	2,611111111
rückkehr	1,352941176	3,111111111
rücklage	0,029411765	2,111111111
rücksicht	1,352941176	2,666666667
rudel	-0,15	2,277777778
ruder	0,4	2,444444444
rufen	0,088235294	2,684210526
ruhe	1,7	1,666666667
ruhelos	-1,4	2,578947368
ruhig	0,6	1,631578947
ruhm	1,7	2,888888889
ruhmlos	-1,4	2,052631579
ruin	-2,3	4,125
ruine	-0,3	2,55
rummel	0,3	3,421052632
rumoren	-0,9	2,684210526
runde	0,3	1,842105263
russe	0,05	3,055555556
rüssel	0,64	2,41
rutsche	1,18	3,32
rutschig	-1,3	3,052631579
sabbern	-1,3	2,684210526
sabotage	-2	3,722222222
saboteur	-2,1	4,055555556
sache	0,25	2,157894737
sachlich	0,6	1,526315789
sadismus	-2,4	4,111111111
safari	1,2	3,157894737
saftig	1,1	2,526315789
säge	-1,09	2,95
sagen	0,676470588	2,210526316
sahne	1,2	2
salat	1,35	1,666666667
salbe	0,9	2,210526316
salzig	-0,1	3
samstag	1,2	2,333333333
sand	1,676470588	1,666666667
sandale	0,23	2,05
sandwich	1,2	2,166666667
sanft	1,3	1,8
sanktion	-1,4	3,222222222
saphir	1,5	3,1
sarg	-2,3	4
satan	-2,2	4,25
satire	0,5	3,380952381
satt	1,4	2,105263158
satz	0,264705882	1,888888889
sauber	1,5	2,055555556
sauer	-0,9	3,526315789
saufen	-0,9	2,894736842
sauna	1,2	2
saxophon	1,41	2,86
schabe	-1,4	3,263157895
schaden	-1,794117647	3,444444444
schaf	1,14	1,73
schaffen	0,970588235	2,761904762
schaffung	1,029411765	2,526315789
schal	1,32	2
schale	0,65	1,473684211
scham	-1,3	3,684210526
schande	-1,9	3,764705882
scharf	0	4,105263158
schatten	-0,352941176	2,444444444
schattig	-0,1	2
schatz	2,3	3,5
schätzen	0,787878788	2,1
schauder	-1,5	4,117647059
schauer	-1	2,684210526
schaukel	1,45	2,86
schaurig	-1,3	3,736842105
scheich	0	2,388888889
scheiden	-2	3,222222222
scheitern	-1,941176471	3,678571429
schelm	0,8	2,526315789
schelte	-1,3	3,444444444
schenken	1,852941176	2,964285714
schere	0	2,5
scherz	1,9	3,25
scherzen	1,6	2,833333333
scheu	-0,6	1,894736842
scheusal	-2,3	3,666666667
schicksal	-0,441176471	3,035714286
schieben	-0,647058824	2,185185185
schielen	-0,9	2,105263158
schießen	-2,088235294	3,866666667
schiff	0,91	2,64
schikane	-1,9	4,058823529
schildern	0,294117647	2,166666667
schiller	0,9	2,578947368
schimmel	-1,1	3,333333333
schimmer	0,8	2,421052632
schimpf	-1,4	3,166666667
schinden	-1,6	3,157894737
schirm	0,68	2,36
schlacht	-2,2	3,888888889
schlaf	1,9	1,105263158
schlafen	2	1,642857143
schlaff	-1,2	2,315789474
schlag	-1,6	3,619047619
schlagen	-1,911764706	3,944444444
schlager	-0,4	2,444444444
schlampe	-1,3	4,055555556
schlapp	-1,5	1,736842105
schlau	1,6	2,7
schlecht	-2,3	3,777777778
schleim	-1,4	3,5
schlicht	0	1,666666667
schließen	-0,617647059	2,333333333
schlimm	-1,9	3,666666667
schlinge	-1	3,047619048
schloss	1,23	2,68
schlucht	-0,2	3,555555556
schmerz	-1,735294118	4,166666667
schminke	1,05	2,36
schmuck	1,3	2,555555556
schmutz	-1,1	2,888888889
schnaps	0	2,944444444
schnecke	-0,36	2,24
schnee	1,764705882	2,055555556
schock	-1,8	4,263157895
schocken	-1,4	3,964285714
schonung	0,7	1,678571429
schrank	0,27	1,77
schraube	0	1,86
schreck	-1,6	4,166666667
schrei	-1,6	4,421052632
schreiben	1,470588235	2,571428571
schreien	-1,235294118	3,714285714
schrill	-0,8	3,526315789
schritt	0,911764706	2,315789474
schroff	-1,5	3,333333333
schrott	-1,2	3
schuft	-1,5	3,526315789
schuften	-1,2	3,473684211
schuh	1	2,05
schuld	-1,7	3,571428571
schulden	-1,8	3,476190476
schule	0,25	2,65
schurke	-1,9	3,277777778
schürze	-0,64	2,14
schutt	-1,2	2,789473684
schütteln	-0,529411765	3,214285714
schutz	1,7	1,894736842
schützen	1,470588235	2,466666667
schwach	-1,6	2,611111111
schwäche	-0,852941176	2,904761905
schwamm	0,14	1,95
schwan	1,09	2,32
schwarz	0,3	1,947368421
schweben	0,8	2,210526316
schweigen	-0,264705882	1,733333333
schwein	0,59	2,77
schwert	-0,82	3,59
schwester	1,323529412	1,857142857
schwur	0	3,35
see	1,823529412	2,142857143
seekrank	-2	3,315789474
seele	1,8	2,352941176
seenot	-2,1	4,058823529
seereise	1,5	2,611111111
seerose	1,6	1,333333333
segel	1,3	1,888888889
segeln	1,4	1,833333333
segen	1,6	1,55
segnen	1,3	1,85
sehen	2	2,263157895
seher	0,35	2,8
sehne	-0,1	2,411764706
sehnen	-0,8	3,315789474
seide	1,65	1,470588235
seife	0,7	1,473684211
seil	0,18	2,18
seite	0,25	1,888888889
sekt	1,2	2,5
sekte	-2,2	4,315789474
seltsam	-0,3	2,421052632
senat	0,1	2,526315789
senken	-0,676470588	2
sense	-0,9	2,368421053
sensibel	0,8	2,368421053
serbe	-0,45	3,157894737
sessel	1,4	1,777777778
setzen	0,235294118	1,952380952
seuche	-2,5	4,25
seufzen	-1,1	2,473684211
sex	2,6	4,333333333
sichel	-0,55	2,526315789
sicherheit	1,323529412	2,894736842
sichern	0,757575758	2,523809524
sicherung	0,882352941	2,473684211
sieb	0,36	1,82
sieben	0,205882353	2,210526316
sieg	2,2	3,722222222
siegel	0,7	2,476190476
siegen	1,117647059	3,473684211
sieger	1,75	3,823529412
siesta	1,9	1,5
silbe	0,15	1,722222222
silber	1,45	2,5
silbern	1,4	2,421052632
simpel	0,4	2,3
sinfonie	1,1	2,222222222
singen	1,575757576	3,526315789
sinken	-1,264705882	3,263157895
sinn	1,8	2,166666667
sinnlich	1,8	3,222222222
sinnvoll	2	1,944444444
sintflut	-1,7	4
sippe	-0,5	2,444444444
sirup	0,85	2,333333333
sitte	-0,15	2,555555556
sittsam	0,5	1,947368421
situation	0,029411765	2,80952381
situiert	-0,1	1,944444444
sitzen	0,352941176	2
sitzung	-0,382352941	2,111111111
skalpell	-1,1	3,722222222
skandal	-1,3	3,5
skat	0	2
skelett	-0,3	3,333333333
skepsis	-0,7	3,157894737
sklave	-2,2	4,315789474
sklavin	-1,7	3,944444444
skorpion	-0,4	3,222222222
skrupel	-0,2	3,277777778
smaragd	1,8	2,888888889
snob	-1,4	3,111111111
sodom	-1,2	3,473684211
sofa	1,4	1,611111111
sohle	0	1,777777778
sohn	1,323529412	2
soldat	-1,5	3,875
solist	1,25	2,526315789
sollen	-1	3
sommer	2,5	2,222222222
sonnabend	2,088235294	2,904761905
sonne	2,6	2,888888889
sonnen	2	1,55
sonnig	2,4	2,388888889
sonntag	1,5	1,882352941
sorge	-1,7	3,285714286
sorgen	-0,617647059	3,052631579
sorgfalt	1,4	2,166666667
sorglos	0,3	2,526315789
sorte	0,4	2
souvenir	1,1	1,888888889
sozialist	-0,352941176	3,142857143
spalten	-0,7	2,833333333
spannend	1,2	3,842105263
spannung	0,8	3,285714286
sparen	-0,264705882	2,263157895
spargel	1,41	2,41
sparsam	0,2	2,666666667
spaß	2,323529412	3,578947368
spende	0,75	2,857142857
spenden	1	2,157894737
spesen	0,25	2,684210526
spezial	0,9	1,894736842
speziell	0,7	2,578947368
spicken	-0,4	3
spiegel	0,86	2,36
spiel	1,4	2,388888889
spielen	1,705882353	3,052631579
spinne	-0,85	3,578947368
spinnen	-0,7	2,894736842
spinner	-1	3,368421053
spion	-0,55	3,666666667
spionage	-1,6	3,444444444
spitzel	-1,8	4
spontan	1,4	3,263157895
sport	1,676470588	3,055555556
spott	-1,2	3,631578947
sprache	1,735294118	2,611111111
sprechen	1,205882353	2,523809524
sprengen	-0,9	3,684210526
spritze	-1,3	3,388888889
spritzig	1,6	3,055555556
sprung	0,382352941	3,333333333
spucken	-1,2	2,894736842
spuk	-0,8	2,842105263
spuken	-1	3,157894737
spule	0,1	2,055555556
spüren	1,735294118	2,466666667
spurlos	-1	3,105263158
staat	-0,529411765	2,894736842
stabil	1,4	1,789473684
stachlig	-1,1	2,894736842
stamm	0,41	1,68
stammeln	-1,4	3,166666667
stapeln	-0,2	2,277777778
stark	1,7	3,578947368
stärke	1,794117647	3
stärken	1,441176471	2,214285714
starr	-0,7	2,315789474
starre	-1,3	3,210526316
starren	-0,911764706	2,857142857
stau	-1,6	3,333333333
staub	-1	2,105263158
stauchen	-0,6	2,315789474
staunen	0,8	3,105263158
steak	1,4	2,65
stechen	-1,4	3,566666667
steg	0,73	2,27
stehen	0,205882353	2,105263158
stehlen	-2,2	3,611111111
steif	-0,7	2,631578947
steigen	0,882352941	2
steigern	1	2,789473684
steigerung	0,911764706	2,857142857
steil	-0,7	3,368421053
stein	0,23	2
stelle	0	2,222222222
stellen	-0,264705882	1,857142857
stelze	0,18	2,64
stempel	-0,05	2
sterben	-1,823529412	4,055555556
stereo	0,9	2,666666667
steril	-0,4	2,4
stern	1	2,444444444
steuer	-1	2,842105263
stich	-0,9	3,619047619
sticheln	-1	2,842105263
stiefel	0,77	2,23
stier	-0,09	3,43
still	0,6	1,263157895
stilvoll	1,4	2,947368421
stimmung	1	2,555555556
stinken	-1,9	3,388888889
stoisch	0,1	2,444444444
stolpern	-1	3,157894737
stolz	0,5	3,285714286
storch	0,68	2,45
stören	-1,647058824	3,428571429
stoßen	-0,764705882	1,947368421
stottern	-0,6	2,842105263
strafbar	-1,7	3,684210526
strafe	-2,4	3,761904762
strafen	-1,6	3,444444444
straftat	-2,2	4
strahlen	2,2	2,555555556
strand	2,1	1,736842105
strapaze	-1,4	3,5
straße	0,176470588	2,210526316
strauß	1,235294118	2,421052632
strebsam	0,9	2,157894737
streich	0,1	2,944444444
streichen	-0,352941176	2,321428571
streik	-0,8	3,80952381
streit	-2,2	4,047619048
streng	-1,2	3,473684211
strumpf	0,45	1,59
stube	0,8	1,894736842
studieren	1,382352941	2,766666667
stufe	0,3	2,15
stuhl	0,5	1,82
stumm	-0,9	1,526315789
stunde	0,25	2,055555556
stur	-1,5	3,166666667
sturm	-0,1	4,1
sturz	-1,6	3,761904762
stürzen	-1,617647059	3,357142857
stute	0,95	2,333333333
stützen	0,882352941	2,047619048
suche	0,35	3,1875
suchen	-0,058823529	2,761904762
sucht	-2,3	4
sumpf	-0,8	2,210526316
super	2,5	3,35
suppe	0,6	2,157894737
symptom	-1,2	3,333333333
szene	0,25	3,8
tabak	0,3	2,722222222
tablett	0,23	1,91
tablette	-1,32	2,73
tabu	-1,3	3,526315789
tadel	-1,65	3,470588235
tadellos	1,7	2,444444444
tadeln	-1,2	3,631578947
tafel	0,2	1,882352941
tag	0,970588235	2,095238095
tagung	-0,558823529	1,894736842
taifun	-1,25	3,888888889
taktik	0,5	2,722222222
taktvoll	1,9	1,833333333
talent	2,05	3
taler	1,05	2
tampon	-0,68	2,23
tandem	1	3
tanne	1,25	1,6
tante	0,8	1,894736842
tanzen	1,911764706	3,111111111
tapfer	1,7	3,105263158
tarif	-0,6	2,428571429
tarnen	-0,6	2,466666667
tarnung	-0,5	3,222222222
tasche	1,27	2,32
tasse	0,73	1,82
taste	0,35	2,125
tat	-0,5	3
tätigkeit	0,735294118	2,761904762
tatort	-1	3,428571429
tatsache	0	2,5
taub	-1,7	3,058823529
taube	0,75	1,894736842
tauchen	0,941176471	2,684210526
taufe	0,95	2,421052632
taumel	-0,1	3,15
taumeln	-1	2,947368421
teddy	1,77	1,86
teil	0,382352941	1,888888889
teilen	1,205882353	2,526315789
teilnahme	0,823529412	2,368421053
telefon	1,27	2,73
teller	0,59	1,59
tempel	1	2,222222222
tempo	0,4	3,529411765
tendenz	0,264705882	2,5
tenor	0,85	2,238095238
teppich	0,36	1,82
terror	-2,25	4,523809524
test	-0,3	3
testen	-0,2	2,789473684
teuer	-1,1	3,4
teufel	-1,95	3,476190476
theater	0,7	3,736842105
theke	0,95	2,523809524
thema	0,15	2,222222222
therapie	0,2	3,111111111
thriller	0,5	3,666666667
thron	1	2,736842105
tiefe	0,2	3,277777778
tier	1,117647059	2,611111111
tiger	0,85	3,428571429
tinte	0,35	2,058823529
tisch	0,5	1,77
titel	0,65	1,894736842
toast	0,6	2,368421053
toaster	0,82	1,68
toben	-1,1	3,631578947
tochter	1,676470588	2,277777778
tod	-2,8	4,055555556
todfeind	-2,7	4,529411765
toilette	-0,68	2,36
tolerant	2	2,333333333
toleranz	2,3	2,647058824
toll	2	3,055555556
tomate	0,95	2,18
ton	0,941176471	2,476190476
tonfall	0	2,941176471
tonlos	-0,8	1,578947368
tonne	-0,35	2,210526316
topfit	2,3	3,55
torheit	-1,3	3,111111111
torkeln	-0,6	3
torpedo	-1,7	3,5
torte	1,6	2,45
tortur	-1,65	4,055555556
tot	-2,5	4,166666667
tote	-2,6	4,176470588
töten	-2,705882353	4,433333333
tourist	-0,2	2,222222222
toxisch	-1,8	3,631578947
tracht	-0,6	1,684210526
trachten	-1,2	3,263157895
tradition	0,176470588	2,421052632
trage	-0,45	2,555555556
tragen	0,117647059	1,894736842
tragik	-1,15	3,684210526
tragisch	-2,1	3,833333333
traktor	0,27	2,77
trampel	-1,2	3
trance	-0,1	2,6
träne	-0,617647059	3,789473684
traube	1,4	1,555555556
trauer	-2,1	3,647058824
trauern	-2	3,055555556
traum	1,5	2
trauma	-2,05	4,411764706
traurig	-2,1	2,833333333
trauring	0	2,888888889
trauung	1	2,944444444
treffen	1	2,684210526
treffer	1,9	3,142857143
treiben	-0,088235294	2,785714286
trend	0,5	2,666666667
trennen	-1,5	3,571428571
trennung	-1,7	4,294117647
treppe	0,05	2,36
tresor	1	2,91
treten	-1,117647059	2,631578947
treu	2,2	2,333333333
treue	2	2,555555556
treulos	-2,1	2,421052632
triangel	0,27	2,05
trieb	0,1	4,105263158
triefen	-0,911764706	2,315789474
trinken	1,424242424	2,523809524
trist	-1,8	2,65
tritt	-0,9	2,842105263
triumph	2	3,875
trommel	0,27	3,23
tropen	1,2	2,789473684
tropfen	-0,4	2,055555556
tropisch	1,2	2,947368421
trost	1,4	2,157894737
trostlos	-2,1	3,333333333
trotz	-0,823529412	3
trotzig	-1,1	3,263157895
trug	-2	2,833333333
truhe	0,85	2,142857143
trunken	-0,2	2,888888889
truppe	-1,352941176	3,333333333
tugend	1,4	2,421052632
tulpe	1,55	1,647058824
tumor	-2,7	4,5
tumult	-1,1	3,95
tunnel	-0,7	2,210526316
turban	-0,32	2,41
turm	0,27	2,64
tuscheln	-1,3	3
typhus	-2	3,388888889
tyrann	-2,6	3,80952381
übel	-1,823529412	3,611111111
übelkeit	-2	3,210526316
üben	0,382352941	2,476190476
überfall	-2,1	4
übergeben	-0,588235294	2,157894737
übergehen	-0,970588235	2,473684211
überlegen	0,735294118	2,105263158
übermut	-0,1	3,722222222
übernahme	-1	2,368421053
übersehen	-0,823529412	1,842105263
überwinden	0,970588235	2,789473684
überzeugen	0,5	2,952380952
uferlos	-1,3	2,736842105
uhr	0,088235294	1,789473684
umarmen	2,2	2,722222222
umbruch	0	3,5
umfang	0,15	2,35
umringen	0	2,777777778
umsatz	0,088235294	2,722222222
umsicht	1,5	1,764705882
umsonst	0,4	1,894736842
umsorgen	1,5	2,333333333
umsturz	-1	3,095238095
umtrunk	1,3	2,777777778
umweg	-1,05	3,052631579
unart	-1,4	3,055555556
unbefugt	-1,2	3,052631579
unbequem	-1,6	3,111111111
undank	-1,8	3,111111111
unding	-1,2	2,777777778
unfair	-2	2,947368421
unfall	-2,35	4,238095238
unfriede	-2,2	3,277777778
unfug	-0,2	3,388888889
ungeahnt	-0,1	2,833333333
ungeduld	-1,1	3,444444444
ungeheuer	-1,617647059	3,428571429
ungesund	-1,7	2,368421053
ungnade	-1,7	3,333333333
unheil	-2,15	4,529411765
unkosten	-1,7	3
unkraut	-1	1,857142857
unlust	-1,6	2,705882353
unmensch	-2,5	3,941176471
unmut	-1,65	3,125
unnahbar	-0,6	1,947368421
unrat	-1,5	2,588235294
unrecht	-2,029411765	4
unruh	-1,2	3,578947368
unruhe	-1,3	3,421052632
unschuld	1	2,555555556
unsinn	-1	3,368421053
untat	-1,7	3,333333333
untergang	-1,852941176	3,866666667
unterton	-0,9	2,904761905
untier	-1,2	3,5
untreue	-2,7	4,285714286
unwesen	-1,6	3,277777778
unwetter	-1,2	3,777777778
urlaub	2,45	2,5625
urlauber	1,9	2,375
urne	-1,6	2,944444444
urteil	-0,15	3,222222222
urwald	1,35	2,611111111
vampir	-0,5	3,722222222
vanille	1,3	2,333333333
vater	2,1	2,666666667
vaterland	-0,352941176	2,368421053
vehemenz	-0,4	3,588235294
veilchen	1	2
ventil	0,45	2,578947368
venus	1,6	3
veranda	1,1	1,833333333
verändern	0,764705882	2,80952381
verarmen	-1,8	3,666666667
verband	-1,18	2,95
verbessern	0,941176471	2,894736842
verbieten	-1,558823529	3,238095238
verbinden	1,205882353	2,526315789
verbot	-1,8	3,285714286
verboten	-1,7	3,5
verbrechen	-2,029411765	3,571428571
verdacht	-0,7	3,476190476
verdanken	1,147058824	2,619047619
verderb	-2,1	3,5
verdienen	0,764705882	3,095238095
verdienst	0,941176471	3,052631579
verdreht	-1	2,315789474
verehrer	1,5	3,882352941
verenden	-2,3	3,714285714
verfahren	-0,558823529	2,607142857
verfall	-1,8	3,5
verfassung	0,176470588	3,047619048
verflixt	-0,9	3,526315789
verfolgen	-1,735294118	3,7
verfügen	-0,088235294	2,428571429
verfügung	-0,382352941	1,947368421
vergasen	-2,8	4
vergeben	0,2	2,368421053
vergehen	-1,382352941	3,142857143
vergessen	-0,970588235	2,904761905
verhaften	-1,823529412	4,1
verhältnis	0,617647059	3,052631579
verhindern	-0,647058824	2,157894737
verirren	-1,7	3,5
verkaufen	-0,617647059	2,428571429
verkehr	-0,235294118	3,222222222
verlangen	0,147058824	3,238095238
verlassen	-1,5	3,19047619
verlaufen	-0,529411765	3,047619048
verlegen	-0,411764706	2,238095238
verleihen	-0,176470588	2,142857143
verletzen	-1,941176471	4,033333333
verletzt	-1,8	3,944444444
verletzung	-1,911764706	3,642857143
verlieren	-1,558823529	3
verlies	-2	3,444444444
verloben	0,8	2,421052632
verlogen	-2,3	3,526315789
verlust	-2,2	3,476190476
vermeiden	-0,617647059	2,105263158
vermieten	-0,058823529	2,476190476
vermögen	1,323529412	2,888888889
vermuten	-0,1	2,277777778
vernichten	-1,970588235	3,523809524
vernunft	1,5	2,611111111
verrat	-2,4	4
verraten	-1,647058824	3,888888889
verruf	-1,65	3,578947368
versagen	-1,647058824	3,523809524
versager	-2,1	3,470588235
versehen	-0,411764706	2,529411765
versetzen	-0,676470588	2,631578947
versichern	0,529411765	1,947368421
versorgung	0,941176471	2,578947368
verstand	1,9	2,722222222
verstärken	0,882352941	2,578947368
versteck	-0,2	3,125
verstehen	1,735294118	2,842105263
versuch	0,2	2,555555556
verteilen	1,029411765	1,947368421
vertrag	-0,382352941	2,722222222
vertrauen	2,205882353	3,526315789
vertraut	1,9	1,611111111
vertreten	-0,088235294	2,105263158
vertreter	-0,735294118	2,095238095
verwaist	-1,1	2,684210526
verwaltung	-1,117647059	2,523809524
verwandeln	1,147058824	2,368421053
verwandt	0,4	1,944444444
verwegen	0,6	3,842105263
verweigern	-0,911764706	3
verweint	-1,6	2,578947368
verweis	-1,5	3
verweisen	-0,411764706	2,428571429
verwesen	-2,2	3,105263158
verzehr	0,4	2,444444444
verzicht	-1,3	2,944444444
verzichten	-1,147058824	2,619047619
veto	-0,6	2,684210526
villa	1,4	2,555555556
virus	-2,15	4,052631579
visum	-0,05	2,888888889
vital	2,2	2,9
vitamin	1,8	2,222222222
vogel	1,2	2,444444444
volk	0,147058824	2,333333333
vollmond	1,6	2,4375
vollziehen	-0,323529412	2,263157895
vorbau	0,5	2,368421053
vorbild	1,1	2,777777778
voreilig	-1,2	2,842105263
vorfall	-0,5	3,111111111
vorhaben	0,970588235	2,789473684
vorkommen	0,176470588	2,052631579
vorliebe	1,4	2,444444444
vormund	-0,6	2,157894737
vornehm	0,9	2,263157895
vornehmen	0,647058824	2,523809524
vorrat	1,25	2,055555556
vorschlag	0,911764706	2,904761905
vorsicht	0,2	4,058823529
vorsorge	1,4	2,166666667
vorspiel	1,9	4,117647059
vorstand	-0,941176471	2,052631579
vorstellen	1,558823529	2,526315789
vorteil	1,8	2,75
vortrag	0	2,333333333
vorwand	-0,8	2,952380952
vorwurf	-1,8	3,380952381
vorzug	0,9	2,476190476
vulkan	0,2	3,684210526
waage	0,4	2,166666667
wabe	0,32	2,41
wache	-0,7	2,315789474
wachsam	1,1	3,421052632
wachsen	1,264705882	2,333333333
wachstum	1,6	2,588235294
waffe	-2,35	4,238095238
waffel	1,95	2,27
wagemut	1,1	3,333333333
wagen	1,058823529	2,111111111
wagnis	0,4	3,947368421
wahl	0,117647059	2,777777778
wählen	0,058823529	2,631578947
wahllos	-0,8	2,684210526
wahn	-2,3	3,833333333
wahnsinn	-1,7	4,111111111
wahren	0,558823529	1,964285714
wahrheit	2,5	3
waise	-1,85	3,105263158
wald	1,5	2,166666667
walnuss	0,86	1,86
walzer	1,05	2,315789474
wand	-0,264705882	1,944444444
wandern	0,2	2,3
wange	1,2	1,666666667
wanne	1,15	1,666666667
wanze	-1,3	3,444444444
warm	2,2	2,166666667
warnen	-0,2	4
warnung	-0,3	3,555555556
warterei	-1,7	2,777777778
warze	-1,8	3,105263158
wasser	1,55	1,833333333
watte	1	1,7
weber	0	1,722222222
wecken	-0,6	2,947368421
wecker	-1,64	3,59
weg	0,882352941	2,714285714
wegjagen	-1,7	4,052631579
wehklage	-1,9	3,411764706
wehmut	-1,1	3,5
wehr	-0,6	2,421052632
wehren	-0,176470588	3,8
wehrlos	-1,7	3,888888889
weiblich	1,9	2,888888889
weich	1,2	1,368421053
weichen	-0,764705882	2
weide	1,25	1,555555556
weigern	-1,2	3,578947368
wein	1,8	2,333333333
weinen	-0,882352941	3,777777778
weise	1,8	2,1
weisen	0,382352941	2,19047619
weisheit	2,3	2,176470588
weit	0,5	2,263157895
weite	1,4	2,222222222
welken	-1,5	2,35
welle	1,65	3,055555556
welpe	1,95	2
welt	1,9	2,888888889
weltall	0,8	3,315789474
weltfern	-1,3	2,157894737
weltkrieg	-2,823529412	4,619047619
weltruhm	1,8	3,705882353
wenden	0,294117647	2,095238095
wenig	-0,9	1,526315789
werbung	-0,5	2,941176471
werfen	-0,205882353	1,904761905
werk	0,676470588	2,473684211
wert	1,058823529	2,5
wertlos	-1,4	2,421052632
wertvoll	1,9	2,611111111
werwolf	-1,7	3,777777778
wespe	-1,2	3,5
weste	-0,09	1,91
wetten	0,6	3,052631579
whisky	0,4	2,666666667
widerstand	0,205882353	3,210526316
widmen	1,147058824	2,105263158
wiege	1,1	1,277777778
wiese	1,55	1,411764706
wille	1,7	3,25
willen	1,235294118	2,944444444
wind	1,264705882	2,333333333
winseln	-1,7	2,631578947
winter	0,323529412	2,055555556
wippe	1	2,82
wirken	0,941176471	2,473684211
wirkung	0,6	2,368421053
wirrnis	-1,6	3,444444444
wissen	2,029411765	2,666666667
witwe	-1,35	3,333333333
witwer	-1,35	2,894736842
woche	0,15	1,944444444
wochenende	2,382352941	3,684210526
wodka	-0,1	3
wohltat	1,8	1,75
wohnen	1,411764706	1,964285714
wohnheim	-0,4	2,529411765
wohnung	1,1	2
wolke	1	1,888888889
wolle	0,9	2
wollen	0,764705882	2,523809524
wollust	1,1	3,722222222
wonne	1,85	2,263157895
wort	0,764705882	2
wortkarg	-0,9	1,631578947
wuchern	-1,6	3,529411765
wucht	-0,3	4,05
wunde	-1,75	3,882352941
wunder	1,85	3,625
wundern	-0,1	2,833333333
wunsch	1,6	2,45
wünschen	1,529411765	3,263157895
würdigen	1,176470588	2,894736842
würfel	0,45	2,82
wurm	-1,36	2,73
wurst	0,5	2,45
yacht	1	2,578947368
zaghaft	-0,8	1,473684211
zahl	0,058823529	2,222222222
zahlen	-0,558823529	2,35
zählen	0,117647059	1,933333333
zahlung	-0,7	3,047619048
zahm	0,5	1,368421053
zahn	-0,5	2,73
zahnarzt	-1,5	4,117647059
zange	-0,6	2,105263158
zank	-1,6	3,444444444
zäpfchen	-1,77	3,73
zart	1,7	2,222222222
zauber	1,55	3,555555556
zauberei	1,4	3,388888889
zauberer	1,4	3,5
zaubern	1,4	2,607142857
zaudern	-1	2,473684211
zebra	1,09	2,82
zeche	-0,9	2,421052632
zeigen	0,588235294	2,238095238
zeitlos	0,4	2,166666667
zeitnot	-1,9	3,611111111
zeitung	0,6	2,571428571
zelle	-0,95	3,19047619
zensur	-1	3,7
zerfall	-1,6	3,3125
zerlegen	-0,2	2,736842105
zerlumpt	-1,9	2,944444444
zerrung	-1,8	3,444444444
zerstören	-2,529411765	3,928571429
zettel	0,5	2,111111111
zeuge	0,05	2,722222222
zeugin	0	3,352941176
zeugnis	-0,6	3,380952381
ziege	0,6	1,952380952
ziegel	0,41	2,09
ziehen	-0,294117647	1,842105263
ziel	2	3,055555556
ziellos	-1,6	3
zierlich	0,3	1,888888889
zigarette	-0,882352941	3,238095238
zigarre	-0,2	2,611111111
zimmer	1,05	1,666666667
zins	-0,5	2,666666667
zirkus	0,85	2,857142857
zitat	0,6	2,476190476
zitrone	0,8	2,789473684
zittern	-1,5	3,555555556
zögern	-0,852941176	2,761904762
zoll	-0,8	2,368421053
zopf	0,77	2,18
zorn	-1,8	4,117647059
zornig	-1,4	4,210526316
zufall	0,7	2,464285714
zuflucht	1,2	2,777777778
zugabe	1,5	2,941176471
zugeben	0,6	2,333333333
zuhause	2,5	1,882352941
zujubeln	1,6	3,166666667
zukunft	2,2	3,705882353
zulassen	0,617647059	2,80952381
zunehmen	-1,235294118	3,19047619
zunge	0,9	2,904761905
zusage	1,6	2,588235294
zustand	0	2,1875
zustimmen	0,970588235	2,473684211
zustimmung	1,205882353	2,526315789
zwang	-2,1	4,15
zwanglos	1,1	2,421052632
zweck	-0,176470588	2,222222222
zwecklos	-2	2,210526316
zweifel	-1,5	3,095238095
zwieback	0,36	1,77
zwiebel	-0,73	2,77
zwingen	-2,088235294	3,833333333
zwist	-1,3	3,85
zylinder	-0,18	2,14
zynismus	-1,1	3,833333333