0.1364
0.0
0.0
0.0
0.2059
-0.3715
0.5450999999999999
0.0
0.577
-0.4077
-0.4077
0.2386
0.0
0.0116
0.2936
0.857
0.2099
0.2823
0.0
0.393
-0.7706
0.0
-0.0048
-0.0048
0.008
0.2404
0.0
0.5104
0.0854
-0.5363
0.0
0.4861
0.0
-0.0048
0.0
0.0
-1.2212
0.0121
0.0032000000000000006
-0.02119999999999997
0.3756
-0.0048
-0.7991
1.1646999999999998
0.08870000000000003
0.0
-0.51
0.0
0.0
0.004
-0.4047
-0.4665
0.008
0.8584999999999999
0.008
0.0
-0.0048
0.0
0.0
0.2267
0.0
0.0
-0.14540000000000003
-0.4665
-0.6632
1.0758999999999999
-0.4573
0.1364
-0.5099
0.741
-1.1805
-0.6074
-1.6282
0.235
-0.057800000000000004
0.1269
0.0
-1.877
0.3397
0.6502
0.3499
0.7336
0.8769
0.2452
0.32520000000000004
0.0
0.004
0.0121
0.0
-1.0911
0.09789999999999999
0.004
-0.5482
0.1124
0.0
0.9695
0.5671
-0.8929
-0.475
0.3257
-0.06309999999999999
0.4093
0.0
0.0985
0.0
1.045
0.2371
-0.039300000000000015
-0.3965
0.0
-0.0048
0.3389
0.0
1.3716
0.0
0.0
-0.9686
-0.9686
0.2318
-0.6151
0.004
-1.7151
0.6502
0.0
0.6502
0.2059
-0.4972
-0.4736
0.0
-0.0048
-0.0096
-0.0007999999999999995
0.2152
0.25299999999999995
0.6502
0.0121
-0.5901
0.004
0.0
0.6542
0.06569999999999998
0.0135
0.0
-0.0048
0.18089999999999998
0.0
0.0
0.4445
0.7073999999999999
0.2448
-0.5852999999999999
-0.21729999999999997
0.06590000000000001
0.173
0.004
0.0
0.3716
0.1006
0.0
0.4734
0.004
0.345
-0.3545
0.0
0.0081
0.0
0.4821
-0.5497
-0.2716
-0.2716
0.0
0.0
-0.0048
-0.0048
0.0
0.0
0.0
0.0
0.0947
0.7176
-0.0048
0.0
0.11710000000000001
0.23249999999999998
0.0
0.6791
0.3716
-0.0337
-0.0048
-0.3284
0.2823
0.008
0.0
0.0
0.9385
0.014500000000000037
-0.8841
0.0116
0.2112
0.0
0.0
0.0
0.0033
0.004
0.12110000000000001
0.3616
0.0
0.0
0.3694
0.0
0.5248
0.0
0.0
1.2097
0.204
0.2235
0.9519
1.6383
0.4706
0.025599999999999956
-0.336
-0.09139999999999998
-0.6103000000000001
0.7234
0.0
0.8012
0.0985
0.0
0.0
0.0
0.2823
0.0
0.0
0.004
0.0
0.016
0.012
0.0
0.0
0.11710000000000001
-0.1683
0.27569999999999995
0.0
0.0
0.6502
0.4486
0.016000000000000014
-0.0816
0.1131
0.17370000000000002
0.004
-1.1756
-0.5743
0.0
0.3756
0.0
0.0
-0.2088
-0.6162000000000001
0.008
0.0
-0.0493
0.3532
-0.7618
0.0
0.1066
0.008
0.004
-0.36250000000000004
0.5524
0.0
-0.27390000000000003
0.1131
0.004
0.2492
-0.4546
0.0
0.004
-0.2715
0.0
0.004
0.0
0.0
0.0
0.0
0.6502
0.0
0.0
0.0
0.0
-0.6312000000000001
0.0
0.0
0.0
0.0
0.1131
0.0
0.0
0.3716
-0.07690000000000002
-0.07690000000000002
0.5839
0.8074
0.8074
0.0
0.7055
-0.514
-0.0048
-0.10290000000000002
0.11710000000000001
0.0
-0.36970000000000003
0.0
0.0
-0.1663
0.0
-0.09189999999999998
-2.4483
-0.514
-0.0048
0.0
-0.6692
0.47009999999999996
0.7131000000000001
0.0
-0.256
0.0
0.0
0.3716
0.0
0.0
0.0
0.11710000000000001
0.0
0.3836
0.0
0.0
-0.0048
0.0
-0.1683
0.0
0.0
0.0
0.0
0.45860000000000006
-0.0493
0.6502
0.0
0.0
-0.0852
-0.4546
0.0
0.3616
0.0
-0.6216999999999999
0.0
-0.45940000000000003
-1.0582
0.004
-0.33540000000000003
-2.1928
0.4821
0.6502
0.0
0.4792
0.0
0.0
0.0
0.0
0.0
-1.1254
0.0
0.0
0.0
0.0
0.0
-0.3122
0.231
0.012200000000000003
0.0
0.0
0.0
0.004
0.004
0.0
-0.0048
-0.1975
-0.8972
0.004
0.0
-0.047099999999999975
0.0
0.3559
0.6582
0.0
0.0
0.0
0.05740000000000001
-0.49639999999999995
0.0
-0.7731
-0.3454
-0.2013
0.0
0.0
0.2325
0.0
-0.5299
-0.8063
-0.052700000000000004
0.004
-0.42519999999999997
-0.0897
-0.43379999999999996
0.0
0.0
-0.0697
-0.2187
-0.2187
0.0
0.004
0.0068
0.0
0.0
-0.4613
0.1308
0.0
-0.8054
-0.47390000000000004
-0.47390000000000004
0.0
-0.0402
0.0
-0.514
0.2013
0.0
0.0
-0.2716
-0.3291
0.0
0.08650000000000001
0.6093
0.0
0.0
0.0
0.0
0.0156
0.0
0.204
0.1131
0.0
0.0
0.128
-0.2335
0.004
-0.0216
0.3348
0.0
-0.0048
-0.3516
0.0
0.0727
0.0
0.0679
-0.0048
0.4546
-0.3715
0.0
0.577
-0.1759
0.2346
-0.5056
0.2936
1.0709
0.3397
0.393
0.0
-0.7706
-0.5095
0.0
0.004
0.2452
0.0
-0.0048
0.011300000000000001
0.3757
0.3517
-0.41550000000000004
0.3323
0.4861
0.2378
0.0
0.1169
0.342
0.4861
0.0
0.0
-0.4546
0.0121
0.0
-0.13429999999999997
0.1131
0.3716
0.3267
0.3655999999999999
0.21170000000000003
-0.498
0.047299999999999995
0.004
-0.4047
0.0
0.0
-0.25850000000000006
0.0
0.2267
-0.14540000000000003
-0.0096
-0.6584
1.0758999999999999
-0.4613
-0.3229
0.741
-0.7807000000000001
0.48319999999999996
-1.0906
-0.4902
0.2061
-0.2933
0.3499
-0.3453
0.5546
0.8769
0.2452
0.32520000000000004
0.0
-0.0048
0.0121
-0.11010000000000002
0.2331
-1.0911
0.16099999999999998
0.1364
0.4871
0.34019999999999995
0.0
0.0
0.0
0.0
-0.0048
0.004
0.6502
0.004
0.09789999999999999
0.004
-0.5482
0.5066
-0.5901
0.3796
0.0
0.508
0.007100000000000023
0.842
-0.1493
-0.8634
0.03610000000000003
0.0612
0.4093
-0.42839999999999995
0.224
0.0
0.0
0.0
0.004
0.2267
0.0
0.596
1.045
0.08270000000000001
0.3748
-0.3965
-0.1889
0.3389
0.3815
-0.51
0.0
0.0135
-0.27630000000000005
-0.4767
0.0
-0.8479000000000001
-0.6965
0.2492
-0.5052
-0.2715
-0.6087
0.0
0.0
0.0026999999999999975
-0.0048
0.0
0.0
0.2318
-0.6151
0.0
0.004
0.47779999999999995
-1.7151
-0.8361
-1.0837
0.6502
0.21789999999999998
-0.4972
0.0
0.021399999999999995
0.0
0.0
0.4975
0.3836
-0.0007999999999999995
0.6502
0.25299999999999995
0.004
-0.5901
0.004
0.115
-1.2210999999999999
0.3557
0.004
0.0
-0.26
0.0
0.004
0.004
0.3832
-0.4877
0.0
0.0
0.0
-0.0048
0.18089999999999998
0.0
1.1654
0.0
0.0
0.0
0.0
0.0
0.06590000000000001
0.4033
0.0
0.3694
0.47
0.0081
0.004
0.0
0.0
-0.0048
0.0081
0.0
0.004
0.4821
-0.5497
0.0
0.0
-0.3495
0.0
-0.0048
-0.0048
-0.0445
0.0
-0.0048
0.0947
0.0
0.5138
0.4273
0.0
0.3648
-0.005599999999999999
0.0
-0.0048
0.0
0.11710000000000001
-0.3284
-0.6418999999999999
0.004
0.0
0.6791
-0.5365
-0.0337
-0.0048
-0.3284
0.0
0.0
0.2823
0.0
0.40959999999999996
-0.0441
0.0135
0.0
0.9385
0.014500000000000037
0.0
-0.8841
0.3832
0.0
0.2112
0.0081
0.0
0.0121
0.0081
0.0
0.004
0.0
0.7323999999999999
0.0
0.0
0.0
0.0
0.0
0.4792
0.2235
0.9519
0.1406
0.4603
0.446
0.0
-0.0048
0.09789999999999999
0.0
0.1212
0.3616
0.0985
0.0
0.004
0.016
0.0
0.23020000000000002
-0.33340000000000003
0.0
0.0
0.8888
0.0
0.1999
0.016000000000000014
0.0
0.0
0.17370000000000002
0.0
0.3756
-0.0816
-0.477
-0.301
0.0
0.0
0.0
-1.3082
0.0
-0.0471
0.0
0.0
0.0
-0.15969999999999998
-0.08780000000000002
0.004
0.0
0.0
0.2492
-0.36250000000000004
-0.4183
0.5524
0.0
0.4629
-0.1608
-0.0657
0.9668
-0.4546
0.0
0.0
0.004
0.0
0.0
-0.4625
0.0
0.0
0.0
0.0
0.0
0.0
0.0135
0.0
0.0
-0.4903
0.0
0.0
0.0
0.004
0.0
0.0
0.0
0.0
0.1131
0.0
0.0116
0.0
-0.6675
0.2267
0.11359999999999999
0.2198
0.3716
0.0
-0.4506
0.0
0.3697
0.5919
0.0
0.0
0.33999999999999997
0.0
0.3094
0.0
-0.1663
-0.2187
0.0
-1.016
-0.3995
-0.9485
0.0
-0.31279999999999997
-0.3516
0.0985
0.0612
0.0
0.0
0.0612
0.0
-0.0048
0.3716
0.5007
0.0
-0.256
0.0
0.0
0.0
0.029899999999999982
-0.1683
0.0
0.0
-0.6238
0.0
-0.0493
0.0
0.004
0.0
0.6502
0.451
0.004
0.0
0.3616
-0.24720000000000003
0.0
0.0
0.0081
-0.13699999999999998
-1.6931
0.0
-0.3617
0.4821
0.1131
0.0
0.0
0.0
0.0
0.0
0.0
0.0
0.0
0.0
0.0
-0.2187
0.0
0.0
0.0
-0.3565
-0.0048
0.0
-0.41939999999999994
-0.26869999999999994
0.231
0.017
0.004
0.0
0.0
0.004
0.0
0.0
0.0
-0.0048
0.0
-0.8972
0.0
-0.3883
-0.0493
0.8161
0.3559
0.6025
0.0073
0.0
0.05740000000000001
0.2318
0.1853
-0.51
-0.042700000000000016
0.15799999999999997
-0.393
-1.7859
0.15779999999999994
-0.8063
-0.42519999999999997
0.38530000000000003
0.0
-0.1935
-1.3413
-0.5235
-0.2634
-0.0697
-0.2187
0.004
0.0068
0.1308
0.004
0.0
-0.4613
0.0
-0.6736
-0.0402
-0.3047
0.0
-0.32230000000000003
0.08650000000000001
0.0
0.0
0.0156
0.0
0.4525
-0.1259
0.6068
-0.0697
0.128
0.3132
-0.5747
0.0
0.004
-0.0048
0.2211
-0.3516
0.2211
0.0
0.0679
0.0
0.0121
0.339
-1.7729
0.5533
-0.0445
0.4396
0.0
-0.3537
0.0
0.0
0.1131
0.11710000000000001
0.004
0.0
-1.2197
0.0
-0.3122
-0.3114
-0.3378
0.0
-0.5861
0.3571
0.2325
-0.709
0.13739999999999997
0.3716
0.6502
0.0
0.38
0.4228
0.0
0.0
0.0
0.0
0.201
-0.54
0.0
0.008
-0.2509
-0.256
-1.396
0.1066
0.2038
-0.2504
0.7203
0.0
0.2266
0.0
0.0
0.0
0.6542
0.0
-0.716
0.2492
0.2444
0.2452
-2.0295
0.3352
0.0
0.0
0.5106
-0.7021999999999999
0.0
-0.43320000000000003
0.5478000000000001
-0.0048
0.0
0.1131
0.0
-0.7928
-0.9494
-0.0445
0.0
-1.1659
-0.5365
-0.04490000000000001
-0.4711
0.004
0.38530000000000003
0.0
0.0
-0.4735
-0.709
-0.7945
0.0
-3.2327
0.0
0.0
0.0
0.0
-0.2676
0.0
0.10270000000000001
0.0
-0.45940000000000003
-0.0804
0.004
-0.33290000000000003
-0.0048
-0.0048
-0.514
-0.34369999999999995
-0.6127
0.3796
0.1131
-0.6079
0.004
-0.028000000000000025
-0.9326
0.0
-0.4021
-0.3476
0.3694
-1.0243
0.2262
-0.31999999999999995
0.0
0.48469999999999996
0.11229999999999998
0.4629
0.0
0.4478
-0.194
0.0
0.0
0.0
-0.0697
-0.0242
-0.5203
0.0
0.10250000000000001
-0.5645000000000001
-0.2023
0.47750000000000004
-0.3282
-1.1614
-0.3582
-0.5276
0.0
0.0
-0.3233
0.0
-0.3356
0.0985
-0.28569999999999995
-0.3363
0.6679
-0.3503
0.0
0.0
-0.1853
-0.0048
0.0985
0.0
0.0
0.004
0.0
0.2398
-0.5052
0.0
0.004
0.004
-0.3246
0.0
-0.0895
0.0
-0.8353
-0.9866
0.004
-0.0395
0.0
0.33149999999999996
-0.4726
0.004
-1.2008
-0.5012
0.1131
-0.1241
0.004
-0.0048
0.0
0.0
0.0
0.0
0.0
-0.3306
-0.3537
0.0
0.0
0.446
0.0
0.3499
-0.3312
-0.8195
0.0743
-1.0
0.2344
0.004
0.004
-0.0048
0.0161
0.0985
0.3591
0.0
0.004
0.0032000000000000006
0.0
0.12589999999999998
-0.6653
-0.3563
-0.1637
0.0
0.004
0.03310000000000002
0.31880000000000003
-3.6953
0.0985
0.0
1.0695
-0.2592
0.5744
-0.2332
-1.5869
-0.0187
-0.2118
-0.0048
0.0
0.2739
-0.9591
-0.0562
-0.2196
0.0
0.0
-0.0048
0.0
-0.0519
0.0961
-0.8146
0.0
0.0
0.0
-0.4695
0.0
-0.3308
0.0
-0.0048
0.0
0.0
0.0
0.0
0.0
0.008
0.0
0.0
-0.0428
0.2443
0.0
-0.8907
-0.3545
0.0
-0.0697
0.0
0.0
0.0
0.0
-0.0697
-0.9105000000000001
-0.8757
0.0
0.0
0.0
0.0
0.004
0.0081
0.0
0.0
0.2358
0.0
0.2216
0.004
0.0
-0.4546
0.0789
0.0
0.083
0.0
0.0
0.0
0.2531
-0.5052
0.4448
0.0175
0.0
-0.6908
0.0
0.0
0.0
-0.4899
0.3269
0.1212
-0.0048
0.0
0.3452
0.0
-0.5052
-0.0527
-1.2032
1.1182
0.0
-1.1297000000000001
0.2452
0.0
-0.1812
-0.0048
0.0
0.0
0.6807000000000001
0.0
-0.0048
0.0
0.0
0.0
0.1862
0.0
0.0
0.1096
0.0
-0.0783
0.0
0.0
0.0032000000000000006
-0.0007999999999999995
0.0
0.4463
0.004
-0.4686
-0.0048
0.0
0.0
0.0
0.004
0.0
0.0
-0.8549
0.28750000000000003
0.28750000000000003
-0.3283
0.0
0.0
-0.0745
0.0
-0.3295
-0.3292
0.0
0.0
0.0
-0.4862
-0.7706
0.0
0.0
0.3694
0.2799
0.0
0.0
-0.3363
0.0
0.004
0.004
0.47679999999999995
-0.373
0.16820000000000002
0.0
0.6670999999999999
0.3286
-0.5338
-0.5365
0.0
0.3247
0.3247
0.3247
0.3247
0.0
0.0
-0.3187
0.0
0.3756
0.1131
-0.3545
0.004
0.4847
0.7053
0.6022
0.3616
0.0
0.0
0.0
0.4844
0.0987
-0.02100000000000001
0.34299999999999997
0.0
-0.5365
0.0
0.335
0.2288
0.1025
0.9227
0.0
-0.7079
-0.6264
0.1364
0.115
0.0
-0.1819
0.0
0.0
0.0
0.5803
0.2176
0.2315
0.1131
0.115
0.0
-0.5131
-0.5131
0.5921
-0.4546
0.0
0.004
0.36210000000000003
0.0
-0.34840000000000004
0.24989999999999998
1.5155
0.004
-0.21050000000000002
0.6226
0.0
0.0
0.0
-0.4735
0.0
0.0
-0.1812
-0.40740000000000004
-0.0048
0.0
0.0985
0.2492
0.0
-0.0048
0.0
0.004
0.115
0.115
-0.0562
0.0
0.0
-0.4735
0.004
0.0
-0.7556
0.0
0.2291
0.0
0.0
0.004
-0.6406
-0.4913
0.10240000000000002
0.3019
0.3697
0.08650000000000001
-0.2047
0.0
0.3023
0.0
-0.0564
0.3716
0.0
0.0
0.0
0.3547
-0.384
0.6671999999999999
0.0
0.0
0.0
0.0
0.1131
0.2262
0.0
-0.0048
0.0
-0.393
-0.743
-0.1975
-1.9824
-0.3176
0.2947
-0.7908
0.0
0.0612
-0.3292
0.2013
-0.301
0.0
0.1123
0.203
0.2159
0.3161
-0.5535
0.0
0.34900000000000003
0.0
-0.20329999999999998
-0.8323
0.039699999999999985
-0.8041
0.0
0.47809999999999997
0.3598
0.6975
-0.2214
0.004
0.4616
0.0
-0.2433
-0.3495
0.0
0.0545
0.0
0.0
1.698
0.6049
0.004
-0.8101999999999999
0.1169
-0.4735
-0.1054
0.0
-0.7968
-0.0519
-0.24639999999999998
0.0985
-0.12839999999999996
-2.2018
0.0
-0.3545
0.0
-0.6124
0.0
0.0
0.0
0.0
0.1131
0.0
-0.471
-0.12549999999999997
0.004
0.6583
0.0
0.3364
0.17959999999999998
-0.7749
-0.10479999999999998
0.0
-0.701
-0.31320000000000003
-0.3465
-0.1354
0.0
-1.0897
-1.0697
-0.3747
-0.4726
-0.039499999999999987
-0.1634
1.0482
-0.3915
0.0
0.1792
0.0
0.0
-0.2118
0.0
-1.5513
0.0
0.0777
-0.6637
-0.8124
-0.0048
0.0
0.0
-0.0806
-0.527
-0.2201
-0.2797
0.1169
0.008
0.004
0.3875
0.004
0.4847
0.0
0.339
-0.14029999999999998
-0.5113
-0.5134000000000001
0.2244
0.0
0.7273000000000001
-0.0445
0.0
0.0
0.0
0.0777
0.0
-0.0007999999999999995
0.0
0.2318
-0.3111
0.0732
0.0
0.0
0.0
-0.3537
0.0
0.6248
0.0
-0.0048
0.0
0.0
-0.0048
-0.0048
0.004
0.0
0.0
0.4866
0.0
0.004
-1.2237
0.0
0.004
-0.596
0.1201
0.04340000000000001
-0.9773
-0.3378
0.3553
0.0
0.0
0.0
0.0
0.1131
0.3796
0.3571
-0.0048
0.0
-0.12259999999999999
0.2325
0.0
-0.709
-0.709
0.13739999999999997
0.0
0.0
-0.7706
0.0
0.446
0.0
0.0
0.6502
0.38
0.0
0.20569999999999997
0.34700000000000003
0.0806
0.0
0.0
0.0
0.004
0.0
0.0
0.0
0.0
-0.2153
0.0081
0.10250000000000001
0.0
-0.54
-0.5033
-0.3545
-0.3545
0.0985
-0.9309
0.1066
0.2038
0.115
-0.3654
0.0
0.0
0.2146
0.3367
0.0
0.14980000000000002
0.45740000000000003
-0.0007999999999999995
0.2903
0.004
0.2404
0.004
-0.3452
-0.4877
-0.3537
0.373
0.1838
0.004
0.2266
0.0
0.0135
0.4887
0.3694
0.0
0.3716
0.0
-0.0306
0.0
0.8184999999999999
0.004
0.0844
0.6542
0.0
0.0135
-0.0048
-0.0048
0.0
0.3583
-0.194
-0.26439999999999997
0.004
0.0
0.004
0.004
0.0
0.004
-2.0295
0.2452
0.0
0.0
0.0
-0.3454
-0.3454
0.0
0.0135
-0.186
-0.301
-0.25520000000000004
0.6022
0.5478000000000001
0.004
0.0
-0.1975
0.008
0.0
0.1131
0.1131
-0.2519
0.0
-0.7928
-0.9979
0.0
-0.3363
-0.8122
-0.3537
0.0
0.0
0.0
0.45439999999999997
0.0
0.6714
-0.3378
-0.0789
-0.4711
0.004
0.0
0.38530000000000003
-0.0048
0.0
0.0
-0.4735
-0.709
0.0
-3.6123
0.3796
0.0
0.0
0.0
0.0
-0.1651
-0.1651
0.0
0.0
0.0
-0.3228
0.004
0.0
0.10270000000000001
0.0
-0.45940000000000003
0.0
-0.0804
0.0
-0.33290000000000003
0.012
-0.2072
-0.0048
-0.194
0.0
0.004
-0.0048
-0.0048
0.0
0.0
0.1175
0.0
0.0
-0.7203
0.0
0.0
-0.514
0.0
0.0
0.0
-0.4073
-0.3182
0.3612
0.0
0.4461
0.2532
-0.893
-0.7658
0.3032
0.1175
0.0
0.0
0.3743
0.1131
0.0635
-0.6079
0.004
-0.0048
-0.9428
-0.4021
0.0
-0.12409999999999999
-0.0562
0.0
0.3423
0.208
-0.3371
0.0
0.0
-0.9516
0.0
-0.3953
0.0989
1.0
-0.8712
-0.2088
-0.1819
0.0
0.48469999999999996
0.0
0.0
0.0
-0.4783
0.0
0.0
-0.0306
0.0
-0.0697
-0.3371
0.4629
0.0
0.0
0.0
0.0
0.0
0.004
0.0807
0.4478
-0.1975
-0.194
0.0
0.0
-0.3236
0.0
0.004
0.0
-0.0697
0.0
-0.0242
-0.5203
-0.3954
-0.3575
-0.2964
-0.0048
0.10250000000000001
-0.5645000000000001
-0.5427
-0.5427
-0.2023
0.0
0.0
-0.3282
-0.3282
-0.4546
-0.3534
-0.3534
0.0
-0.0048
-0.0048
0.0
-0.30979999999999996
0.0
-0.2522
0.0985
-0.28569999999999995
-0.3363
0.0
0.5548
0.1131
0.0
0.0
0.0
-0.0048
0.0985
0.0
0.0
0.0
0.004
0.0
0.0
0.0
0.0
0.2398
-0.5052
0.004
-0.3246
0.0
-0.514
-0.4726
0.004
-0.0395
0.0
0.3597
0.004
-0.0048
-0.4726
0.0
0.004
0.0
0.0
-1.2008
-0.4726
-0.0048
0.0
0.0
-1.3827
-0.1241
0.0
0.0
0.004
0.0
-0.0048
-0.025
-0.3295
0.0
0.0
0.0
0.0
0.1131
-0.0048
0.004
-0.3537
0.0
0.0087
0.3364
0.416
0.004
-1.6487
0.0
-1.0
0.0
-0.1567
0.0
0.022899999999999976
-1.6298
0.0
-0.0048
0.0
0.0135
0.0
-0.0048
0.004
0.3756
0.4941
0.0
0.0
-0.0048
0.0
-0.7578
-0.7578
0.004
0.0
0.0
-0.6653
-0.3563
-0.1637
0.0
0.0
0.004
0.3301
0.36679999999999996
0.2578
0.0
0.0
0.0
0.115
0.03310000000000002
0.31880000000000003
0.004
0.0
-3.6993
0.12029999999999999
0.0
1.404
0.5744
-0.3582
-0.13949999999999999
-1.9719
-0.0187
0.0
-0.2118
-0.0048
0.0
-0.7656
-0.3394
-0.47740000000000005
0.2116
0.0
0.0
-0.2196
-0.3577
-0.0048
0.0
-0.0519
-0.986
0.0961
-0.8146
0.0
0.0
-0.4695
0.0
-0.3308
0.0
-1.5692
0.0
0.0
0.0
0.0
0.0
0.0
0.0
-0.49119999999999997
-0.3534
0.004
0.115
-0.393
-0.6758
-0.0428
0.2443
-0.3545
-0.0697
-0.0697
0.0
-0.5996
-0.9105000000000001
-0.8757
0.2835
0.0
0.0081
0.2358
0.2358
0.2216
0.0
-0.4546
0.0
0.083
0.0
-0.0048
0.0985
0.0985
-0.5515
-0.32
0.0
0.0
0.0
-0.8516999999999999
0.0
0.4448
0.49829999999999997
0.0175
-0.6908
0.0
-0.0418
0.0
0.0
0.11710000000000001
-0.0048
0.2118
0.3452
-0.5052
-0.0048
0.0
0.0
-0.5012
-0.3233
0.2088
0.0
-0.3952
0.2088
0.0
-2.9492
0.004
0.1102
0.0
0.0
-0.9454
-0.1812
0.0
0.6807000000000001
0.3388
0.3372
0.1862
0.0
0.1096
-0.0783
-0.0048
0.0
0.0
0.374
0.0
0.0
-1.4381
0.4463
-1.1872
0.0
-1.2568
0.0
0.0
0.3694
0.2799
0.0
-0.7948
0.0
-0.3363
0.4847
0.1131
0.004
0.004
0.0
0.0
0.47679999999999995
0.16820000000000002
-0.4708
0.0
-0.0048
0.42710000000000004
0.3247
0.3247
0.0
-0.241
0.0
0.0
0.0
0.3756
0.004
0.1131
-0.3545
-0.0048
-0.0048
0.4847
1.3816
0.195
0.195
0.5831
-0.2088
0.2291
-0.0574
0.0
0.5638
-0.1895
0.8315
0.3694
0.9179
0.0
-0.7079
-0.6264
0.42579999999999996
-0.4346
0.1169
0.6981999999999999
0.4616
0.2315
0.1131
-0.9297
-0.9297
0.0
0.5921
0.004
-0.3096
0.2636
-0.3363
1.2937
0.0
0.6226
0.0
0.0
-0.828
0.0
-0.1812
0.0
0.0
0.0
0.004
0.004
-0.5475
0.3477
0.004
0.5658
-0.12400000000000003
-1.4794
0.0
0.115
0.0
0.004
0.0
-0.4735
0.004
0.06570000000000001
-0.4183
0.0
0.004
0.004
0.9116
0.3023
0.0
0.004
-0.0564
0.0
0.3797
0.0985
0.6378999999999999
0.0
0.0
-0.0697
0.0
0.1131
-1.472
-1.472
-0.1819
0.0
-0.8715999999999999
-0.1975
-0.0445
0.1121
-0.12619999999999998
0.6065
-0.3176
0.0
0.0
0.0
-0.0785
-0.7122999999999999
0.0
0.0
0.0
0.3756
0.3716
0.0
-0.3292
0.10830000000000001
0.2013
0.203
0.1123
0.0
0.2159
0.46199999999999997
-0.3558
0.004
0.0
-0.5535
0.0
0.0
0.3652
-0.3058
0.0
0.0
0.0
0.012
-0.2153
0.0
0.0
0.0
-0.8323
-0.542
-0.053000000000000005
-0.057
0.0
-0.2716
0.0
0.0
0.0985
0.3694
0.6975
0.6975
0.004
-0.7456
0.004
0.3756
-0.40499999999999997
0.115
-1.4287
0.0
0.0
0.0
0.0
0.5019
0.0
0.6049
-0.0242
0.0
0.0
-1.1661
0.1169
-0.4735
-0.006800000000000005
0.0
-0.3454
0.0985
-0.12839999999999996
-2.7967
-0.7706
0.0
-0.6841999999999999
-0.5949
-0.3545
0.0
0.0
0.3757
-0.2201
0.0
0.0985
0.338
0.0
0.0
-0.8042
-0.0048
0.0
0.2169
-0.016899999999999995
0.0
-0.11600000000000005
0.4779
0.1131
-0.3794
0.6583
0.0
0.6583
-0.1611
-0.0562
0.03519999999999998
-0.3548
0.704
-1.2993000000000001
0.0
0.0
-0.9294
-0.4546
0.1414
0.0
-0.1731
-1.0697
-0.4726
-0.15639999999999998
-0.1634
0.0
0.0
0.1792
-0.2118
0.0
-1.5513
0.0
0.0
-0.8294
0.0
0.004
-0.2484
0.0
0.0
-0.7594
-0.8955
0.0
0.0
-0.3323
-0.1947
-0.2201
0.1169
0.004
0.0
0.0
0.02
0.0
0.0
0.0
0.0
0.0
0.2532
0.008
-1.0197
0.0
0.7976
0.45110000000000006
0.1771
0.0
0.0081
0.0081
0.1131
0.3756
0.0
0.0
0.0
0.3557
0.3256
0.0
0.3773
-0.4546
-0.43920000000000003
0.0
0.0
-0.3306
0.0
0.0
0.0
0.0
0.0
0.0
0.0
0.004
0.0
0.1212
0.2823
0.0
-0.3306
-0.9084
0.3917
-0.6348
0.30560000000000004
0.07950000000000002
-0.0048
0.27749999999999997
0.6502
0.004
0.7291
-0.5174
0.18430000000000002
-0.8284
0.004
0.2198
0.5017
0.12730000000000002
0.9522
0.34650000000000003
0.0
0.0985
0.1131
-0.4735
0.0
0.0
0.0
-0.0544
0.0
0.0
0.0
0.3553
0.3553
0.004
0.0
0.0
0.0
0.3256
0.0081
0.004
0.0
0.1212
0.0
0.0
0.0
0.0
-0.6127
-0.6127
0.0
0.0
0.0
-0.3234
-0.0048
0.1212
-0.0544
0.4038
0.4038
0.0
-0.5004
0.0
-0.335
-0.335
0.0
0.943
0.943
-0.0048
0.008
0.0
0.0
-0.0557
0.004
-0.20379999999999995
-0.20379999999999995
0.3685
-0.052700000000000004
0.0
-0.9507
-1.5828
0.012
0.373
-0.34099999999999997
0.11710000000000001
0.0
-0.0048
0.0
0.0
0.0
0.0
-0.0443
-0.3534
-0.3545
0.0
-0.0464
0.4821
0.607
0.004
0.0
0.3836
0.0
-0.6921
-0.4546
-0.5313
-0.5448999999999999
0.0
0.0
-0.0048
0.6775
0.5731999999999999
-1.0573000000000001
-1.0573000000000001
1.2929
0.0
1.1044
-0.301
-0.4546
-0.0048
0.2876
0.4299
0.4299
0.0
-0.0402
0.2266
-0.0096
0.0
0.454
1.0298
0.0
-0.201
0.0732
2.9821
0.6059
-0.3308
0.0
-0.3394
-0.0365
-0.3537
0.0
-0.0435
-0.0435
0.0
-0.10729999999999998
0.0
0.09770000000000001
-0.45080000000000003
0.004
-0.5820000000000001
0.034
0.3256
0.0
0.37079999999999996
0.0
0.004
-0.28459999999999996
0.0
-0.545
0.0
0.004
0.3553
0.0
-0.3187
0.0
0.004
0.0
0.0
0.004
0.004
0.4861
-0.6621
0.1131
0.0
0.3716
0.0
0.0
0.0
0.018800000000000035
0.018800000000000035
0.0
0.0
0.004
0.004
0.42389999999999994
0.3716
0.0
-0.5814
-0.5814
-0.7896000000000001
0.4295
0.0
-0.5052
0.0
0.0
0.0
0.0
0.0
0.0
-0.3508
0.0
0.004
-0.3306
0.0
0.0
0.004
0.0
0.5646
0.2461
0.0
0.0985
0.0081
0.0
0.0
-0.2715
0.3815
0.3256
0.0
0.0
0.0
0.0
0.0
0.0
0.0
-0.3243
0.0
0.0
0.004
0.0
-0.0445
0.0
0.0
0.0
-0.5916
0.004
0.0
-0.1262
-0.0048
-0.4735
0.0
0.2452
0.0
0.0
0.0
0.0
-0.3394
0.0
0.0116
0.0
0.0
0.0
0.0
0.0
0.0
0.3583
0.0
-0.4913
0.0
0.0135
-0.1853
0.0
0.0232
0.3437
0.0
0.2485
0.0
0.1136
0.0
0.0
0.0
0.0
0.0
0.004
0.0767
0.0
0.0
0.0
0.3716
0.2116
0.008
0.0
0.004
-0.4651
0.0
0.0
-0.4546
0.3716
0.0
0.0985
0.10250000000000001
-1.2777
0.0116
0.1212
0.5139
-0.1651
0.11100000000000002
0.0
-0.3311
0.13429999999999997
-0.3306
-0.0048
0.0
0.0
0.0
0.0
-0.0548
-0.0548
0.0
0.0
0.2318
0.0
0.907
0.2823
0.026800000000000043
-0.5065000000000001
-0.5065000000000001
0.0
0.0
0.2823
0.0
0.0
-0.1651
0.03139999999999995
-0.3187
0.6207
0.5375
0.0
0.0
0.0
0.0
0.0
0.0
0.4927
0.008
0.0
0.0
0.0
0.0
0.0
0.004
0.004
-0.301
-0.301
0.1131
0.04760000000000005
0.0
0.3284
0.008
0.2492
0.1131
0.4629
0.0
0.2234
0.0
0.0
0.0
0.2198
0.0
0.4629
0.1131
0.0
0.0
0.0
0.0
0.004
0.02
0.0
0.0
0.11710000000000001
0.0
-0.301
-0.20400000000000001
0.008
0.0243
-1.0197
-0.6621
0.004
0.7976
0.45110000000000006
0.115
0.07020000000000001
0.07020000000000001
0.1131
0.0
0.0
0.0
0.004
0.0
0.4629
0.3796
0.3461
0.0
0.0
0.0
0.1131
0.4539
0.0081
0.0
0.115
-0.0007999999999999995
0.0
0.373
0.0
0.0116
0.3256
0.0
0.0
0.0
0.4702
0.0979
0.4821
0.3773
0.4629
0.373
0.0
0.0
0.0732
0.0
0.0
0.5556
0.0
-0.0048
-0.4689
0.0
0.0
0.0
-0.4658
-1.074
0.0
0.3716
0.0
-0.2029
0.0
0.8529
0.0
0.0
-0.0443
0.0
0.1131
0.0
0.0
0.0
0.0
0.0
0.1131
0.0
0.004
0.0
0.2823
0.004
0.0
0.0
0.0081
-0.3457
0.0
0.3917
0.0
0.3323
0.0
-0.0048
0.0135
-0.6483000000000001
0.0
-0.1995
0.1131
-0.4967
0.0
-0.833
0.3796
-0.3001
0.0
0.0
0.0
0.0081
0.004
0.3436
0.004
-0.33980000000000005
-0.2137
0.0
-0.32630000000000003
-0.6858
0.11710000000000001
0.0
-0.3523
-0.1651
0.004
-0.1651
0.3694
0.0
0.0
0.18630000000000002
0.0
0.18430000000000002
0.0
0.1131
-0.301
-0.7203
-0.34700000000000003
-0.4546
-0.5901
0.0
0.0
0.0
0.0
0.4821
0.2198
0.5083
0.0
0.5017
0.12730000000000002
0.0
0.9522
0.2315
0.21350000000000002
0.0
-0.625
-0.6754
-0.3943
0.0
0.0116
0.0232
-0.6777
0.0985
0.004
-0.3516
0.0
-0.1705
0.8082
0.004
0.15799999999999997
-0.6893
0.2318
0.2452
0.5964
0.008599999999999997
0.004
0.2176
0.0
0.4629
0.0
0.3716
0.0
-0.5901
0.008
0.0
0.0
0.7282000000000001
0.1131
0.0
0.0
-0.1853
0.0
0.0
0.0
0.3553
0.0
0.3553
0.0
0.0
0.0
-0.0048
0.004
0.0
0.235
0.004
0.8995
0.0081
0.0
0.004
-0.0048
0.3256
0.0
0.0
0.0
0.0
0.0
-0.9734
0.0
0.3733
0.0
0.0
0.0
0.3286
0.6186
0.008
0.004
0.0
0.004
0.0
0.0732
0.0
0.0
0.0
0.004
0.0
0.1212
0.0
0.0
0.0
0.0
0.0
0.0
-0.0048
0.0
0.0
-0.028999999999999998
0.0
-0.6435
-0.0007999999999999995
0.4038
0.004
-0.0525
0.0
0.0
0.0
0.0
0.004
0.004
0.3733
0.0
0.0
-0.0557
-0.1739
0.0
0.0
0.0
-0.0557
0.0
0.004
-0.20379999999999995
0.0
0.008
0.3733
-0.0048
0.0
-0.0443
0.0
0.0
0.004
0.0
0.0
0.0
0.0
0.0
-0.6839
0.0
0.0
0.012
0.0
0.0
0.373
-0.345
0.0
0.11710000000000001
0.004
0.0
0.0
0.0
0.0
0.004
0.0
0.0
0.0
-0.0048
0.0
0.0
0.0
-0.0443
-0.477
0.0
0.0
0.0
0.0
0.3064
-0.3314
-0.3314
0.0
0.0
0.1131
-0.2757
0.0
0.004
0.0
0.3372
0.0
0.6502
0.6502
0.0
0.0
-0.3489
0.1131
0.0
0.0
0.0
0.0243
0.3347
0.0
0.0
0.0
0.3685
0.0
0.1131
0.4821
0.004
0.3716
0.3836
0.3318
0.3656
0.0
0.0
0.0
-0.6076
0.2315
-0.4546
-0.17300000000000001
0.4629
0.4629
0.3716
0.004
0.3796
-0.4546
0.0
-0.5313
-0.5448999999999999
0.0
0.0
0.2325
0.6775
0.5731999999999999
-0.0306
0.0081
-1.0573000000000001
-0.3143
0.012
0.0
0.0
1.1044
0.7432
-0.301
-0.301
-0.026599999999999974
0.0985
-0.5524
0.2876
-0.0402
0.0
0.0
0.0081
0.2266
0.362
0.0
0.0
1.0298
0.0
0.0116
-0.4466
0.40390000000000004
0.0
0.6059
0.5161
0.0121
0.004
0.004
0.0
0.0
0.1182
0.0732
-0.7589
-0.8429
-0.30339999999999995
0.0121
0.0
-0.3266
0.0
-0.3476
-0.0093
-0.3751
0.0
0.004
-0.14469999999999997
0.004
0.3859
-0.3245
-0.0435
0.08370000000000002
0.0
0.09770000000000001
-0.45080000000000003
-0.5820000000000001
0.034
-0.21089999999999998
0.0
0.37079999999999996
0.0
0.0
0.0
0.2331
0.8723
-0.2545
0.0727
0.0156
0.004
0.0
0.0
0.0732
0.0
0.004
-0.545
0.0
0.0
0.0
0.0
-0.3187
0.0
0.4734
0.4734
0.0
0.0
0.0
0.4861
-0.5048
0.0
-0.6621
0.3716
0.1131
0.0
0.0
-0.2842
0.0
0.0
0.0
0.0
0.0
0.0
-0.3369
0.5422
0.0
0.0
0.2001
0.2452
0.2452
-0.8306
-0.8306
-0.335
0.0
0.3523
0.0
-0.5052
0.0
0.0
0.0
0.0
0.0
0.0
0.0
0.3396
0.0
0.2421
0.0
0.0985
0.0985
0.0081
0.0
0.6572
0.3286
0.0
-0.2715
0.0
0.3256
0.0
0.004
0.0
0.0
0.1169
0.0
0.0
0.0
0.0
-0.5916
-0.6621
-0.0048
0.3085
0.004
0.0985
-0.0048
0.004
-0.3311
-0.393
0.0
0.4727
0.2992
0.2992
0.004
0.0
0.3396
-0.0048
-0.0048
-0.014000000000000012
0.0
0.0
0.0
0.1131
0.2618
0.0
0.0
0.0
0.0
0.0
0.0
0.0
-0.1853
0.0388
0.0
0.4546
0.0
0.0
0.1131
0.2452
0.1136
0.5893
0.40549999999999997
0.0
-0.1755
-0.0048
0.0
-0.0007999999999999995
-0.0007999999999999995
0.0767
0.0
0.0
0.0
0.0
0.11710000000000001
0.2823
0.0
0.2116
0.008
0.7892
0.0
0.0
0.0
-0.4651
0.176
0.3716
0.1364
0.0985
-0.8034
0.0
0.10250000000000001
0.004
1.1467
0.195
0.0
0.0
0.0
-0.1651
-0.1651
0.11100000000000002
-0.3302
-0.0048
0.0
-0.3311
0.0
0.0
0.204
-0.0697
-0.0048
0.0
-0.0048
0.0
-0.0588
0.0
-0.4723
0.45289999999999997
0.2823
0.026800000000000043
-0.1755
0.0
-0.331
0.0
0.5066
0.11810000000000001
-0.1259
0.3553
0.0
-0.13370000000000004
-0.06880000000000006
-0.3187
0.6207
0.004
0.0
0.0
0.0
0.0
0.0
0.2733
1.2841
0.0
-0.8598
0.0
0.0
0.0
0.0
0.0
-0.301
0.10250000000000001
0.0
0.191
0.2234
0.0
-0.5901
0.004
0.2198
0.0
0.0
0.0135
0.2572
0.27549999999999997
0.0
0.008
0.0
0.004
-0.0048
-0.743
0.0135
0.0
0.0
-0.4694
-0.4767
0.0
0.004
0.0
-0.3215
0.1131
-0.1651
0.22790000000000002
-0.4183
0.2198
0.004
0.004
0.0
0.0
-0.3459
0.4315
-1.1608
0.0
0.882
0.2267
-0.5592
-0.13749999999999998
0.11900000000000001
0.2452
0.0
0.0
0.24280000000000002
0.1131
0.0
0.46090000000000003
0.1131
0.3512
0.004
0.47369999999999995
0.258
1.3004
0.7633
-0.0565
0.3716
0.1247
0.5017
-0.3302
-0.6114999999999999
0.6763
-0.0519
-0.5112000000000001
0.7085
0.0
0.0
-0.1929
-0.0048
0.10460000000000001
-0.7143
0.3152
1.4758
1.4094
0.015700000000000006
0.004
0.8709
0.1426
0.49179999999999996
0.34419999999999995
0.0
0.8289
0.1085
0.3324
0.3324
0.5017
-0.5004
-0.0809
0.2172
-0.4939
0.0
-0.0096
0.1131
-0.061
-0.4183
-0.5583
0.5501
0.3267
-0.3907
0.0
0.0
0.5793
0.008
0.0
0.2198
0.004
0.0
0.0995
0.0
0.009999999999999953
0.5017
0.5017
0.8059
0.6274
0.0116
0.24359999999999996
0.0
0.0
0.0
0.0
0.054200000000000005
-0.45549999999999996
0.3552
-0.015299999999999994
0.0
0.0809
0.0
0.5235000000000001
0.1287
0.004
0.0162
0.0081
0.0081
0.3772
0.3512
0.0
0.0985
-0.0479
-0.1975
-1.5564
0.0
0.0
-0.1683
0.2001
-0.1683
0.0
-0.9807
-0.0588
0.0
-0.17959999999999998
0.12290000000000001
0.0
-0.0852
0.0
-0.11500000000000005
0.3716
-0.329
0.3832
0.0068
-0.5052
0.0
0.5119
0.1422
1.4586000000000001
0.0
-0.0562
-0.052199999999999996
-0.035
0.1152
0.7613
-0.5004
0.0
0.9297
0.115
0.1328
0.0196
-0.16749999999999998
-0.16749999999999998
0.1131
-0.4558
-0.0568
0.5017
0.0
-0.743
0.6113000000000001
-0.6073
0.11710000000000001
-0.9745
0.0
-0.0048
0.0
0.0
0.0
0.0
-0.0494
0.0
0.0
-0.0565
0.008
-0.3454
-0.4506
0.0
0.1131
0.0
-0.4506
-0.7453
-0.06960000000000004
-0.194
0.0
0.0
0.1212
1.7286
0.263
0.0
0.0
0.2099
-0.2854
0.004
0.1131
0.1131
0.22460000000000002
0.0
0.0
0.0
0.9672999999999999
0.0
-0.0048
-0.502
0.0889
-0.07329999999999999
-0.5055
0.5009
0.4476
1.1143
-1.2368000000000001
-0.7531
-0.3663
-0.0557
-0.9802
0.0
0.0
0.4481
-0.335
-0.3215
0.0
0.1131
0.1131
0.0
-0.2984
0.0
-0.1651
0.0
0.0
-0.4183
0.0
0.0
0.1131
0.0
-0.3208
0.0
0.004
0.008
0.0
0.0
0.0
0.3796
0.0
0.0
-0.3459
0.4315
-0.3534
0.0
0.2038
0.2078
0.0
0.1755
0.0
0.882
-0.33249999999999996
-0.018499999999999975
0.8211
0.24280000000000002
0.1131
-1.0736999999999999
-0.6052
0.46090000000000003
0.0
0.0
0.3309
0.0
0.1131
0.7531
0.0
3.4739
0.5368999999999999
0.3716
0.0
-0.054399999999999976
-0.4473
0.1131
-0.3602
0.4617
-0.0519
0.0
0.0
-0.577
0.191
0.004
-0.5112000000000001
0.7085
0.0
0.0
0.0
0.1131
-0.3873
0.0
-0.3357
0.012
0.004
-0.0048
0.5431
0.008
0.2823
0.004
0.0
0.0
0.0732
0.004
0.2238
0.08170000000000001
0.2041
0.7082
0.008
-0.7229000000000001
0.3937
-0.0048
1.3839
1.781
0.1131
-0.0974
0.0
-0.0007999999999999995
0.1426
0.0
0.49179999999999996
0.0
-0.1749
0.34419999999999995
0.2202
0.8275
0.0
0.0
0.0
0.0
0.004
0.0
0.0
0.123
-0.4939
0.0
-0.0048
0.0
0.0
0.1131
0.0081
0.004
-0.061
0.2235
-0.4183
-0.5583
0.3591
0.3267
-0.3907
0.0
0.0
0.0
0.008
-0.625
-0.0048
0.0
0.1131
0.0
0.37839999999999996
0.004
-0.0048
0.1043
0.0
0.009999999999999953
0.8059
-0.4939
0.0
0.6274
0.13470000000000001
0.3716
0.0
0.24359999999999996
0.0
0.004
0.0
0.0
0.0
0.0
0.0
0.0
-0.45949999999999996
0.004
0.3552
0.0
0.0
0.0
0.1287
-0.0377
0.0116
0.0081
-0.1837
0.2869
0.3716
0.1096
0.0162
0.004
0.4734
0.3612
0.0081
0.3399
0.004
0.4334
-0.5052
0.6163
0.0
0.1131
0.0
0.1648
0.0797
0.0
0.0
-0.6541
0.0
-0.301
-0.301
0.0
0.0
-1.5564
0.0
0.0
0.0
-0.1683
0.0
0.2001
-0.1683
-0.1683
-0.0048
-0.0048
-0.0048
-0.9807
-0.0562
0.0
-0.054
-0.0048
-0.7295
0.2316
0.0985
0.3507
0.0
0.0
0.05840000000000001
-0.0852
0.0
0.3389
0.3716
-0.329
0.4588
0.0068
0.0
0.0
0.21559999999999999
0.5119
0.0
0.6617999999999999
0.0
0.0
0.1306
0.0116
-0.054
0.1131
0.0
2.7267
0.7584
0.4273
-0.0562
-0.035
0.43779999999999997
0.356
-0.018600000000000012
0.5927
0.0116
0.9297
0.1109
-0.16749999999999998
-0.2045
0.1131
-0.4689
0.0
0.6502
0.0
-0.09559999999999995
0.0
0.2116
0.2511
0.0
0.0
-0.6073
0.11710000000000001
-0.9745
0.0
-0.3553
-0.49750000000000005
0.0
0.0
0.0
0.0
0.1464
0.0
0.0
0.0
0.004
0.7181
0.0
0.0
-0.1596
0.0068
0.0
0.0
0.004
0.1131
0.0
0.0
0.0
0.0135
0.0135
-0.4546
0.0
0.0
0.7424
-0.194
-0.3531
0.2357
0.0
0.0
0.1614
0.5923
0.259
0.004
0.0
-1.0221
0.0
0.0015999999999999903
0.004
-0.0007999999999999995
0.0
0.1131
0.0
-0.2715
0.342
0.1882
0.0
0.4821
0.9672999999999999
0.0
-0.34950000000000003
0.0
0.1131
0.0
-1.0157
-0.0048
-0.3421
0.115
-0.6076
0.5009
0.3591
1.1143
-1.2368000000000001
0.0
0.0
0.23680000000000004
0.0
0.6198
0.6494
-0.0557
0.2235
0.0
-0.6261
0.0
-0.1975
0.3716
1.1022
0.0
-0.5402
-0.5252
-1.3934
-1.3934
-0.49269999999999997
0.0232
0.0
-0.0562
0.0
-0.7968
-1.1827999999999999
0.0
-0.8571
0.0
0.0
-0.0085
-1.1489
-1.9457
0.0
0.0
0.2277
0.0116
-0.3618
-0.3559
-0.7802
0.0121
0.0
-0.0048
0.3363
0.115
0.3716
-0.7938000000000001
0.0
-0.5365
0.0
0.004
0.0
0.0
-0.3323
0.004
0.0
0.3637
0.348
0.0
0.0
0.0
0.0
0.0
0.004
0.3756
-0.3468
0.0
-0.2088
-0.28819999999999996
-1.5983999999999998
1.5211999999999999
0.2198
0.0
0.0
-0.4546
-0.0048
-0.3306
0.0
0.20779999999999998
-0.301
-0.0504
0.0
0.1131
0.0
0.0
-0.297
0.0
0.545
0.36319999999999997
0.0
0.0
0.0
0.12110000000000001
-0.1523999999999999
0.0
0.192
0.24819999999999998
-0.32999999999999996
-0.3565
-0.3565
-0.0048
0.3734
0.36750000000000005
0.0827
0.004
0.0
0.0
0.0
0.0
0.0
-0.0048
0.008
0.0
0.004
0.0
0.3716
0.0
0.0
0.0
0.0
-0.0007999999999999995
0.0
0.959
-0.301
0.0
0.5783
0.0
0.0
0.7835
-0.34620000000000006
-1.0314
-0.0048
0.0
-0.2048
0.5646
0.0232
-0.1989
0.0081
0.0
-0.0425
0.16290000000000004
0.0
0.2452
0.0
0.6041
-0.5365
0.03620000000000001
0.0
0.0
-0.7968
0.0
-0.893
0.0985
0.33930000000000005
0.345
-0.443
-0.2529
0.0
-2.3641
-0.7968
0.191
-0.5248999999999999
-0.9669000000000001
0.0985
-0.45940000000000003
0.051500000000000004
0.3716
0.5386
0.3716
0.0
0.2773
0.004
0.0
0.0
-0.0565
0.0
0.0
-0.3306
0.4512
0.0797
0.10830000000000001
-0.297
0.1131
0.0
0.0
0.0
0.0116
0.0
0.4927
-0.5004
0.0
0.0
0.11900000000000001
-0.5901
0.0
-0.743
-1.9405999999999999
0.0
0.3281
0.0
0.0162
0.0989
0.0989
0.0
-0.0292
0.0
-0.7706
0.3716
-1.7981
-0.31620000000000004
0.0
0.23570000000000002
0.48040000000000005
0.3734
-0.365
-0.7206
0.0
-0.46969999999999995
-0.7809
0.203
0.0
-0.7857000000000001
-0.3336
-1.4145
0.0
0.0772
0.0732
0.0
0.004
-0.2013
-0.8113
-0.7146
0.0
0.0
0.0
0.0
-0.5004
0.0
-0.39139999999999997
-1.0008
-0.0048
-0.301
0.6502
-0.4193
0.0
-0.0096
0.0
-0.39380000000000004
0.0985
-2.6307
-1.3017999999999998
0.115
0.115
0.0985
0.0
0.1131
0.0
0.2262
-0.7017
0.2266
-1.2037
0.9835
-0.8215
-0.9219999999999999
0.5571
0.44670000000000004
-0.6538
-0.0657
0.0
0.0985
0.23
-0.7857999999999999
-1.0695000000000001
0.0
-0.9126
-1.1282999999999999
0.0
-0.7911
0.0
0.1131
-1.2326000000000001
0.115
-0.23779999999999998
0.115
0.0
0.2059
-0.0993
-0.0993
-0.4658
0.48009999999999997
-0.489
-0.5865
0.0
0.7525999999999999
0.1076
0.0
0.004
-0.3103
-1.1282999999999999
0.0
0.0
0.0
0.004
0.004
0.4352
0.2176
0.1934
0.0
0.0
-0.7911
0.0
0.0
0.0
0.0
0.0
-0.4873
0.0
0.0
0.0
0.0
0.0
0.0
0.1131
0.0
0.0
-2.3495
0.0
-2.3495
-0.4726
-1.1337
-0.6076
0.0
0.0
-0.2246
-0.2246
0.115
0.115
-0.5115999999999999
0.1131
0.1131
0.0
0.0
0.0
0.0
0.2059
0.0
-0.0993
-0.0993
0.0
0.0
0.35550000000000004
0.0
-0.3221
0.3716
0.0
0.0
0.0
0.0
-0.3505
0.7525999999999999
0.0
-0.5252
0.115
-1.3854
-1.3934
-0.49269999999999997
0.0232
-0.3881
-0.598
0.0
0.0
-0.0562
-0.0416
0.0
0.0
-0.7968
-1.1827999999999999
0.0196
0.0
0.115
0.13269999999999998
0.0
-0.4902
-0.3669
-0.1651
0.0
0.0
-0.0085
-0.0085
-0.5029
0.5066
0.0
-1.1489
-1.1489
0.0
-1.9457
0.0
0.0
0.17600000000000002
0.0
0.0
0.3716
0.0
0.0
0.0
-0.4944
0.0
-0.039099999999999996
0.0
-0.3559
0.0
0.0
0.5731999999999999
-0.7754
0.0121
0.0
0.0
0.0
-0.0048
0.5466
0.0
0.3363
0.115
0.3716
0.0
0.0
-0.5365
0.0
0.004
-0.1488
0.0
-0.4735
0.0
0.0
0.0
0.0
0.5066
0.3716
0.0
-0.28819999999999996
-0.9834999999999999
-2.5103
0.2291
0.0
-2.3952
0.0
-1.1139999999999999
1.5211999999999999
0.2198
0.0
0.0
-0.3415
-0.0048
0.0
0.2198
-0.3514
0.4847
0.0
0.0
0.7459
0.0
0.0
0.0
0.0
0.0
0.0
0.2262
0.1109
-0.014099999999999929
-0.24419999999999997
0.0
0.1131
0.1131
-0.301
0.1131
0.5175000000000001
0.5175000000000001
0.004
0.004
0.0
-0.0048
-0.0048
0.0
-0.6079
-0.2088
0.004
0.0
0.2176
0.0
0.0
0.0
0.0
0.3832
0.0
-0.301
0.0
0.0
0.0
0.0
-0.0048
-0.2088
-0.1757
0.2176
0.0
0.3716
0.0
0.2176
0.0
-0.5365
0.03620000000000001
0.0
0.0985
0.1131
-0.0048
-2.3641
-0.3339
-0.3339
-0.9669000000000001
0.0
-0.0096
0.0
-0.5365
0.0
0.1131
0.0
0.051500000000000004
0.0
0.3716
-0.0048
0.0732
0.3796
0.3716
0.3716
0.0
0.2773
-0.043399999999999994
0.0
-0.4546
0.0
0.0
0.0
0.3487
0.10250000000000001
0.0
0.0
0.0
0.0
0.0
0.4927
-0.4967
0.0
0.0
0.0
0.0
0.0
0.0
-0.743
0.0
0.0
0.0114
0.0989
0.0
0.004
0.09379999999999995
0.0
0.004
-1.7981
0.0
-0.31620000000000004
-0.31620000000000004
0.2291
0.1131
0.0
0.2325
-0.0007999999999999995
0.0116
0.0
1.0597
1.0597
0.2452
-0.48319999999999996
0.004
0.0
-0.3533
-0.3533
-0.8256
-0.3482
0.004
0.4448
0.0
0.0
0.0985
0.0985
-0.39139999999999997
-0.39139999999999997
-0.0562
-0.0562
-1.0008
-1.0008
0.0
0.0
0.11710000000000001
0.0
0.2176
0.0
-0.301
-0.4613
0.4777
-0.5364
-0.4193
0.0
0.004
-0.49239999999999995
-1.0734
-0.0048
-0.0048
0.0
0.0
0.004
0.0985
0.0
-0.5204
-0.0413
-0.3505
0.004
-1.3017999999999998
0.1131
0.4416
-0.6076
0.0
0.0
0.1131
0.1131
0.2823
0.2606
0.1131
-0.8083
0.3477
0.2266
-2.5959
0.2176
-0.0048
-1.208
-0.07900000000000001
0.0
-0.7439
-0.0551
-0.8215
0.33680000000000004
0.44670000000000004
-0.6538
-1.0015
-0.0657
-0.45729999999999993
0.11710000000000001
0.0
0.2099
-0.053000000000000005
0.4861
-0.0048
0.0947
0.0985
-0.0551
0.012
0.0077000000000000115
0.047299999999999995
-0.2519
0.2259
0.0
0.004
1.2648
0.4871
0.0
0.8487
0.842
-0.9589
0.0081
0.0727
0.0
-0.8361
0.004
0.0
0.7463
0.004
0.0
0.0
0.004
0.17980000000000002
0.0081
0.0
-0.3495
0.0081
0.0
0.0
-0.7666
0.0
0.0
0.004
0.125
0.7323999999999999
0.0
0.0
0.0
0.0081
0.012
0.0
0.004
0.21280000000000002
0.1131
0.0
-0.5901
-0.301
0.0
0.0
-0.4776
0.0
0.0
0.5621
-0.4943
0.11359999999999999
0.5953999999999999
0.2198
0.11360000000000003
0.0
0.5919
0.0
0.0
0.0081
0.3319
-0.3995
-0.9485
0.0612
-0.0048
0.0
0.0
0.029899999999999982
0.029899999999999982
0.0
0.0
0.447
0.0
0.0
0.0081
-0.17550000000000002
-0.02629999999999999
0.4821
0.1131
-0.6207
-0.2187
-0.3122
0.0
0.0
0.0
0.6025
0.0073
0.3476
0.0
0.2198
0.0
-0.4661
-2.0925
-0.5299
-0.4613
0.0
0.0116
0.0116
0.004
0.004
0.0
0.0
0.0068
0.08650000000000001
0.1131
0.0
0.0
0.6068
0.0
0.0727
0.5450999999999999
0.5377000000000001
0.2112
0.0
0.3092
0.0
0.008
0.0
0.0854
0.443
0.1131
-0.1054
0.3371
0.0
0.2995
0.004
-0.0306
0.0081
-0.0048
0.0
0.0081
0.3734
-0.6992
0.3468
0.0985
0.0
0.2331
0.0
-0.2696
0.0
1.3716
-0.607
-0.0225
-0.0372
-0.0912
1.2341
0.2152
0.004
0.0135
-0.5852999999999999
0.0
-0.1596
0.9837
-0.2716
0.0
0.004
0.0033
-0.0048
0.4983
-0.09139999999999998
0.7435
0.8012
0.10009999999999997
0.0
0.0
-0.07900000000000001
0.0
-0.6162000000000001
0.0
-0.4776
-0.4767
0.0985
-0.0631
0.0
0.0116
0.0
-0.2675
0.5621
0.004
-0.2715
0.0
-0.6312000000000001
0.0
0.6502
0.0
0.0
0.0
0.0
0.0
0.8074
-0.0048
-0.0048
0.0
0.45860000000000006
-0.0852
-0.4546
0.004
0.0
0.0
-0.19640000000000002
0.0
-0.0048
0.3507
0.6582
0.0
0.8559
0.3476
0.0
-0.49639999999999995
-1.0128
-1.8599999999999999
-0.052700000000000004
-0.8054
0.0
-0.2716
0.6093
0.0
0.0
0.004
0.0
0.0727
0.0
0.004
0.2244
0.2331
-0.3111
0.0
0.6248
-0.0048
-0.8642
-0.0048
0.13739999999999997
0.0
0.20569999999999997
-0.5033
-0.3545
0.0
0.0
-0.26039999999999996
-0.3537
0.2492
-0.3454
-0.3371
0.45439999999999997
-0.0369
0.0
0.0
-0.0242
0.0
0.2612
0.0635
-0.0102
-1.0063
0.21320000000000003
-0.0697
0.004
0.0
0.0985
-0.5427
0.0
-0.186
0.0
-0.0048
0.0
0.0
-0.0048
-0.1975
0.0
0.0
0.0
0.0
-1.3827
0.0
0.0
0.0
0.0
0.0
0.3324
-1.6298
0.14279999999999998
0.30479999999999996
0.0
0.4377
-0.0048
0.0
-0.3582
0.0
0.0985
-0.986
0.0
0.004
0.2835
0.0
-0.0048
0.0985
-0.054
0.0
0.0
-0.8516999999999999
0.49829999999999997
0.11710000000000001
-1.246
-0.4231
0.0
0.2578
-0.7666
0.3436
-0.0202
0.3372
0.0
-0.0048
0.0
-0.3363
0.0
0.004
0.13449999999999998
0.1131
0.0
0.0
-0.0048
0.0
0.195
-0.0574
-0.3769
0.772
0.1364
-0.496
0.0
0.11710000000000001
-0.5316
0.0
0.1131
0.004
0.0
0.0
0.0
0.004
0.0
0.5658
-1.4232
-0.28569999999999995
-0.4183
-1.0506
0.0
-0.0697
0.0
0.1827
-1.0663
-0.009299999999999982
0.3716
0.0
0.0
0.0
-0.053000000000000005
-0.6894
0.0
0.0
-0.3414
0.0
0.0
0.0
-0.2201
0.0
-0.1611
0.0985
0.6773
0.06069999999999998
0.0
-0.3534
-0.4583
0.0
-0.8294
0.004
-0.8955
0.0
0.0081
0.0
-0.7706
0.0
0.0
0.4396
0.004
0.0
0.2458
0.1131
0.0
0.0
0.13739999999999997
0.0
0.0956
0.0
0.20569999999999997
-0.0048
-0.889
0.0
0.0
0.2013
0.004
0.0
-0.5033
-0.2509
-0.06239999999999998
0.004
0.0
0.4821
0.0
0.3226
-0.3524
0.2052
0.0
0.0
0.0
0.0
0.004
0.0
0.0
-0.3537
0.06349999999999997
0.4324
0.3352
0.0
-0.0048
0.0797
-0.5365
0.0
-0.39719999999999994
0.5241
0.4079
-0.0409
0.0
0.0
-0.0242
-0.2676
0.0
-0.3245
0.0
-0.34369999999999995
-0.9137
0.3694
-0.9428
-0.9338000000000001
0.05160000000000001
0.0
-0.9516
0.3226
0.2262
0.0
0.0
0.0
0.0
-0.0242
0.0
-0.3534
0.0
0.0985
-0.3503
0.0
-0.1853
0.0
-0.0048
0.0135
-0.1975
0.0
0.004
0.0
0.43729999999999997
0.1131
0.004
-0.0697
-0.3306
-0.6760999999999999
0.0
0.0
0.0
-0.16640000000000002
-0.3487
-0.5711
0.004
-1.5015
0.4697
0.14279999999999998
0.0
0.0
0.004
0.0032000000000000006
0.4377
0.3302
0.0
0.0
0.0
0.0
-0.3582
0.0
0.0
0.0
-0.0048
-0.4992
0.0
-0.8907
0.0
0.0
0.0135
0.0
0.0
0.0
0.5769
-0.7714
0.0
0.0
-0.47340000000000004
-0.04079999999999996
-0.0745
-0.6587000000000001
0.0
0.004
0.47679999999999995
0.1131
-0.0048
0.0
0.0
0.004
0.008
0.11710000000000001
-0.3137
-0.18489999999999998
0.1131
0.0
0.24989999999999998
0.5541
0.008
-0.0048
-0.0048
0.36679999999999996
0.0
0.0
-0.9623999999999999
0.0
0.0
0.6093
-0.1812
0.0
0.2262
0.0
-0.0048
0.0
0.2947
0.0
0.0612
0.0
0.47659999999999997
-0.187
-0.8041
-0.301
0.0
0.3796
0.0
-0.0096
0.06650000000000002
0.0
0.0
0.0
0.0
-0.0519
0.0
0.0989
0.0
0.1066
0.027600000000000024
0.0
-0.3465
-0.3545
-1.0849
1.0653
-0.3643
-0.8124
-0.0242
0.0
-0.2797
0.0
0.02
0.1391
-0.0102
0.0
0.3543
0.3756
0.004
0.8939999999999999
0.0
0.0
0.0
0.0
-0.0048
0.30560000000000004
0.3436
-0.1651
-0.2094
0.00990000000000002
0.21350000000000002
-1.0943
-1.0615999999999999
-0.1853
-0.6079
0.0
0.0
-0.1853
0.012
0.0
0.0
0.0
0.1131
-0.8034
0.0
0.0937
0.0
-0.0225
0.0
-0.0402
0.7221
0.0853
-0.0387
-0.4506
2.6258
0.0
0.191
0.09770000000000001
1.1054
0.2331
-0.2545
-0.315
0.0
0.004
0.004
0.2823
0.0
0.0
0.0
0.0
0.0
0.004
0.0
0.004
0.4727
0.054000000000000006
0.0
-0.3394
0.3396
0.0
0.3396
0.0
0.0
-0.6395
0.0
0.0388
0.0
-0.0007999999999999995
-0.0048
0.0
0.11710000000000001
0.2823
0.0
0.48960000000000004
0.3733
0.004
0.0
0.0
-0.3306
0.0
0.0
0.004
-0.0544
0.0
0.0
0.3284
0.191
0.0
0.0081
0.0
0.1391
0.3602
0.0
-0.5365
0.0
0.2277
0.0
0.0
0.0
0.0
-0.0007999999999999995
0.0
0.0
0.0
-0.4546
0.0744
0.3372
0.0
0.373
-0.3306
0.0
0.0
0.0
0.0
0.0
0.004
0.0
0.0
0.004
0.1212
-0.3306
0.3796
0.0
0.5817
0.38449999999999995
0.0
0.27749999999999997
0.008
0.0
0.7291
-0.5174
0.0
0.755
0.2315
0.0
0.1131
0.4629
0.0
0.0
0.0
-0.0426
0.0
0.0
0.0081
0.0081
-0.0302
0.0
0.0
0.0
-0.3405
0.004
-0.1853
-0.6435
-0.335
0.5066
0.0
-0.0048
0.0
-0.052700000000000004
-0.34870000000000007
-0.2715
-0.1975
0.0
-0.3545
0.225
0.0
0.0
0.004
0.4861
-0.054
-0.0363
-0.4183
0.0
-0.0048
0.2016
0.012
-0.7261
0.201
0.2038
0.0
0.5034000000000001
0.4299
0.0
-0.0479
0.446
0.2198
0.044999999999999984
0.004
0.5146000000000001
0.18070000000000008
-0.3245
-0.040499999999999994
-0.33190000000000003
-0.201
0.0
0.004
0.0116
0.1131
0.0
0.0
0.0
0.5626
-0.4546
0.0
-0.2715
0.0985
0.004
0.004
0.0
0.0
0.004
-0.0445
0.004
0.004
-0.4735
0.004
0.0
0.0
-0.40479999999999994
0.0
-0.2094
0.0
-0.6395
0.004
0.3437
0.0732
0.3756
0.11549999999999999
-0.4546
0.0
0.004
0.5139
0.5139
0.0
0.446
-0.3306
-0.3306
0.0
0.4629
-0.33580000000000004
0.0
0.0
0.0
0.15180000000000005
0.0
0.0
0.4927
-0.1935
0.1131
0.004
0.1131
0.0121
-0.4546
-0.3394
-0.8569
-0.3565
0.0
0.0
0.0
0.0
-0.2984
0.0
0.1131
0.8412
0.8412
0.2038
0.1755
0.8211
-1.0736999999999999
0.0
-0.1683
0.7531
0.7906
0.2198
0.0
-0.577
0.10350000000000001
0.3716
0.6502
0.0
0.004
0.9618
-0.1749
0.0
0.0
0.37839999999999996
0.3716
0.3602
-0.02049999999999999
-0.1337
-0.1947
0.0
-0.0096
0.0
-0.1683
0.0
-0.0048
-0.7295
0.2268
-0.0168
0.4273
-0.6326
0.6127
-0.2045
0.9757
0.0
0.0247
0.0
0.3032
0.0
0.0
-0.194
-0.46549999999999997
0.0
-0.118
0.0
0.0
0.1882
0.1131
-0.1556
-0.30010000000000003
0.0
0.2235
0.0
0.0
0.0135
0.0
-0.2984
0.0
0.3756
0.0081
0.8412
0.8412
0.0
0.0
0.0
0.004
0.1247
0.0
0.0
0.10350000000000001
0.0
0.4113
0.0
0.0
0.004
0.8749
-0.0007999999999999995
-0.45310000000000006
0.9618
0.0
0.345
0.2658
0.4734
0.0
0.004
0.0
0.0
0.0116
-0.3465
0.0
0.3133
0.5235000000000001
-0.46699999999999997
0.0
0.0195
0.0
-0.0562
0.0
-0.1336
0.0
0.0
-0.0096
0.0
-0.054
0.0
0.1205
0.004
0.0
-0.4546
-0.5052
-0.3394
0.0
0.0
0.0
0.0
0.115
0.0
-0.2045
-1.1059999999999999
0.3716
0.0
-0.743
0.3694
0.3436
0.0247
0.004
0.0
-0.46549999999999997
-0.07760000000000003
-0.39349999999999996
-0.118
0.1212
0.004
0.0
0.1131
0.1131
0.0
0.9672999999999999
0.0
0.012
-0.9798
0.008
-0.9802
0.0
0.2099
-0.598
0.0
0.0116
0.47430000000000005
0.3716
0.0
0.0
-0.4735
0.0
-0.0048
0.0893
-1.0263
0.2291
-1.1139999999999999
-1.1139999999999999
0.0932
0.3716
-0.5051
0.0
-0.17919999999999997
0.0
0.0
-0.301
0.0
-0.8127
0.0732
0.2176
-1.1333
0.0
0.0
0.0
-0.3394
0.0
-0.0048
0.3716
0.0
-0.3205
0.0
-0.301
0.4734
0.004
-0.4967
0.3223
-0.0048
0.0
0.0
0.09379999999999995
0.0
0.008
0.0
-0.6960999999999999
0.1131
0.6502
-0.4613
-0.3352
0.0
0.446
-0.799
-0.301
0.004
-0.3103
0.4352
0.011499999999999982
0.0
0.0
0.0
-0.4658
-2.8221
-0.2246
0.2343
-0.3221
0.0
-0.7911
0.0
0.0
0.004
0.0
-0.4658
-0.0048
0.1131
0.0
0.48009999999999997
-0.3689
0.0
0.0
0.13269999999999998
0.0
0.0
0.0
-0.0507
-0.5364
0.0
0.0
0.0
-0.7938000000000001
-0.0445
0.0
0.9122
0.0081
0.004
0.0
0.0
0.0
0.3446
0.0
-0.7001
0.0
0.0
0.0
0.0
0.0
0.7754
0.2863
0.511
0.2452
-1.7711999999999999
-0.3394
0.0
0.33930000000000005
-0.7111000000000001
-0.45940000000000003
0.0
0.5996
0.0797
-0.5004
0.0
0.0989
-0.0292
0.0
0.0
0.11710000000000001
0.0
0.0156
-0.2013
0.0
0.0
-0.5004
0.0
0.0
0.6502
0.6502
0.0797
0.2019
0.0
0.004
0.9835
0.0
-0.9219999999999999
0.1839
-0.0657
[Finished in 15099.2s]