-0.04850000000000002
0.2927
0.0
0.0
0.2059
-0.5091
0.7626999999999999
0.0612
-0.31500000000000006
-0.5966
-0.4077
0.8136
0.7007
-0.1567
-0.5608000000000001
0.857
0.4414
0.10939999999999998
-0.20060000000000003
0.393
-0.6552
0.0
-0.8664
-0.8664
-0.6342
0.4453
-0.0048
0.3383
0.11889999999999998
-0.5363
-0.1841
1.1885999999999999
0.3557
-0.0048
-0.4862
0.3557
-1.2158
0.3701
0.1248
-0.07589999999999997
-0.5633000000000001
-0.34259999999999996
-0.7427
1.3822999999999999
0.7748
-0.9900000000000001
-0.8644999999999999
0.0
0.0
0.4816
-0.989
-0.4359
0.2952
0.3722999999999999
0.0922
-0.4862
0.2128
0.3591
0.6527999999999999
0.23470000000000002
0.0
-0.9804
-0.21050000000000005
-0.4665
-1.2666000000000002
0.9332999999999999
-0.3674
0.5706
-0.6412
1.4609
-1.3172000000000001
-1.6635000000000002
-4.0618
-0.13320000000000004
-0.3906
0.2081
0.0
-2.7027
0.3397
0.6502
0.3822
0.7646999999999999
1.1557
0.26219999999999993
1.2166
-0.5365
-0.19010000000000005
0.7149
0.4352
-1.8838000000000001
1.1824
0.43439999999999995
-0.8878000000000001
-0.4633000000000001
0.5276
0.05939999999999993
0.7307
-0.8514
-0.2364
0.7798
-0.04980000000000022
0.04509999999999997
-0.12290000000000001
0.1131
-0.2429
0.866
-0.5336000000000001
0.1295
-0.2083000000000001
0.2176
0.27399999999999997
-0.09240000000000007
-0.2341
1.7528
0.0844
0.0747
-1.2636
-1.2636
-0.05870000000000006
-0.7509000000000001
0.0841
-3.7748000000000004
0.45730000000000004
0.0
1.0059
0.23770000000000002
-1.2963
-0.7228000000000001
0.37759999999999994
0.30889999999999995
-0.22150000000000006
-0.0611
0.2152
1.061
0.6454
-0.17200000000000001
-0.7742
-0.1849
-0.1841
0.47009999999999996
-0.3307000000000001
0.021199999999999972
0.0
-0.18020000000000003
-0.5836
0.0
-0.6743
0.5405
1.3845999999999998
0.3195
-0.3677
0.48240000000000005
-0.7590000000000001
0.4854
0.23650000000000002
-0.10940000000000001
-0.3567000000000001
0.12069999999999997
0.0
0.5045
-0.1611
-0.32930000000000004
-0.3958
0.0
-0.17600000000000002
-0.3907
0.43389999999999995
0.1915
-1.0925
-1.0925
0.1096
0.2788
0.33499999999999996
-0.0007999999999999995
-0.0096
-0.13870000000000002
0.0
0.7066
-0.055500000000000035
0.5748000000000001
-0.49500000000000005
0.7908999999999999
0.4531
0.10959999999999998
-0.0048
0.8109999999999999
0.12869999999999998
-0.21780000000000002
-0.37300000000000005
-0.9493
0.4999
-0.385
0.0
0.28459999999999996
1.5889
0.04320000000000001
-1.4324000000000001
-0.9138000000000001
0.027099999999999985
0.2176
-0.0048
0.3557
-1.0867
0.004
-0.16730000000000006
-0.08150000000000002
0.01150000000000001
0.01150000000000001
0.6241
0.0
-0.11280000000000007
0.002400000000000001
-0.0665
1.016
0.29869999999999997
1.3141
1.2956999999999999
1.1703999999999999
-0.011200000000000078
0.003499999999999946
-0.35330000000000006
-1.0056
-0.2393
1.5036
0.5733
1.4817
-0.5916
0.3017
0.5626
0.033499999999999974
0.3907
-0.1889
-0.0007999999999999995
-0.4691000000000001
0.2176
-0.2574
-0.26060000000000005
-0.0007999999999999995
-0.42900000000000005
-0.05699999999999998
0.11049999999999999
0.8346
-0.3682
0.0
0.41209999999999997
-0.06210000000000006
0.4512
-0.4534
0.08629999999999996
-0.3763
-0.6699
-0.6792
-1.1406
-0.1651
0.3828
0.5913
0.007199999999999998
0.3089
-0.6712
0.16959999999999997
-0.1683
0.18489999999999998
0.05019999999999998
-0.6221000000000001
0.0
0.4772
-0.18389999999999998
0.004
-1.3571
0.6203
-0.42700000000000005
0.5115
0.4491
0.23550000000000001
0.1952
-0.5089
-0.5786
-0.6699
-0.2715
-0.3492
-1.7197
0.3616
0.0
-0.5174000000000001
0.2927
0.6502
1.4869
0.0564
-0.4902
0.7479
-0.6025
0.0564
-0.12290000000000001
-0.12290000000000001
-0.28900000000000003
0.6031
-0.49500000000000005
-0.08960000000000001
0.1493
-0.6911
-0.6911
0.31129999999999997
-0.05110000000000003
-0.05110000000000003
0.0
0.6113999999999999
-1.0622
-0.1937
-0.22280000000000005
-0.49760000000000004
-0.2429
-0.25340000000000007
0.0612
0.0
0.14039999999999997
0.0
-0.05840000000000001
-3.0409
-0.14100000000000001
0.9034
-0.05260000000000005
2.6296999999999997
0.8297
1.1669
-0.1683
-0.552
0.2176
0.0
0.5892
0.0
0.0652
-0.6117
0.6174999999999999
0.2176
-0.17890000000000003
0.24219999999999992
-0.25870000000000004
-0.0588
-0.0472
-0.32370000000000004
0.2325
0.2325
-1.209
-0.506
0.195
-0.0493
0.6502
0.1636
-0.5316000000000001
0.024899999999999905
-0.4546
-0.24150000000000002
-0.03280000000000005
-1.3425
-1.5657
0.2176
-0.4642
-1.6016000000000001
1.2275
-0.7537
-1.8331
0.8976999999999999
0.6542
-0.1313
0.3061
0.016299999999999974
0.0612
0.0
0.03749999999999998
0.0
-1.3143
0.0
-0.3143
0.0
0.0
0.0
-0.5878000000000001
0.5111
0.537
-0.4862
0.2176
0.0
0.4392
0.4392
-0.861
-0.49500000000000005
-0.5366000000000001
-0.9263
-0.26460000000000006
0.1751
-0.19760000000000003
-0.1345
0.6054
0.6574
0.8215
0.0
0.0
-0.008300000000000002
-0.9531000000000001
-0.29490000000000005
-1.2575
-0.8781
-0.6196
0.5039999999999999
0.5039999999999999
0.2325
-0.9522
-0.5347000000000001
-0.9864
-0.33560000000000006
0.041499999999999974
-0.7087
-0.2524
-1.0574
-0.4428
-0.4428
-0.6918
0.0028999999999999825
0.0028999999999999825
-0.2313
-0.015400000000000021
-0.2550000000000001
0.2325
-0.2223
-0.4573
0.21889999999999993
0.0
-0.7469
0.6550999999999999
0.6550999999999999
0.2176
0.735
0.5576
-0.514
0.8398
0.0
0.0
-1.1300000000000001
-0.3291
-0.1841
0.6447999999999999
0.6093
0.0
0.0
0.2176
-0.0007999999999999995
-0.47940000000000005
0.3591
-0.17660000000000003
0.7406
0.0
0.0
-1.0957000000000001
-0.2255
0.2256
-1.6688
-0.04710000000000005
0.009200000000000007
-0.336
-2.5221
-0.7923
0.5363
-0.054
-0.05610000000000003
0.033
0.6808
-0.5091
-0.0096
-0.31500000000000006
-0.36960000000000004
0.4122
-0.8444
-0.5608000000000001
1.6422
0.5613
0.2169
-2.862293735361732e-17
-0.6552
-0.2769999999999999
0.0
0.004
0.6059
0.302
-0.3251
0.6255999999999999
0.46599999999999997
0.014300000000000056
-0.5529000000000001
1.3635
0.9996999999999999
0.2378
0.0
-0.06720000000000001
0.6661
1.1885999999999999
0.3557
-0.1901
-0.6046
0.09749999999999992
-0.0048
-0.3074
0.2315
-0.3872000000000001
0.38789999999999997
0.6396
0.9518
-0.02680000000000008
1.0256999999999998
0.4816
-0.989
-0.0242
-0.4862
0.4317999999999999
1.0119
0.23470000000000002
-1.1909
0.42079999999999995
-1.3579
0.9292999999999999
-0.2437
-0.3189
1.4069
-1.3211
0.34359999999999996
-1.1239000000000001
-0.6936000000000001
0.20929999999999999
0.1002
-0.13670000000000007
-0.005299999999999978
0.3029
1.5877999999999999
0.26219999999999993
1.4342
-0.5365
-0.48120000000000007
0.7149
-0.16080000000000014
0.18669999999999998
-1.8838000000000001
0.5749
0.7736999999999999
1.0644
0.7335999999999999
-0.49500000000000005
0.0
-0.7183
-0.0048
0.2128
0.4861
0.6502
0.4861
0.742
0.43439999999999995
-0.8878000000000001
0.7282000000000001
-0.5122
-1.1285
-1.0059
-0.4673000000000001
-0.3619
0.9032
0.5434
-0.09150000000000003
0.15280000000000002
-0.06170000000000002
0.04509999999999997
0.008799999999999978
-0.2783
0.7114
-0.2837
-0.17360000000000003
0.004899999999999998
0.32139999999999996
0.44599999999999995
0.47309999999999997
0.866
-1.2777000000000003
0.027299999999999963
-0.2083000000000001
0.4853999999999999
-0.09240000000000007
-0.26980000000000004
-0.12079999999999999
0.2937
0.23509999999999998
-0.27230000000000004
0.3215
0.2176
-0.5444
-1.043
0.8449
-1.2402
-0.2675
0.031199999999999967
0.5815
-0.8173000000000001
-1.3706
-0.1809
-0.889
0.0
-0.05870000000000006
-0.7509000000000001
-0.2259
0.31
-0.8027000000000001
-3.2373000000000003
-1.8565
-1.2990000000000002
1.0806
-0.5188000000000001
-1.2963
0.37759999999999994
0.021399999999999995
-0.5014
0.0
0.30349999999999994
0.8143
-0.0611
0.6454
1.061
-0.6751
-0.7742
-0.1849
0.2759
-1.7804
0.23240000000000002
1.083
0.0
-0.37840000000000007
0.2176
0.004
0.3379
0.6202
-0.9739000000000001
0.0
0.0
-0.15789999999999998
-0.18020000000000003
-0.5836
0.0
1.9385999999999999
-0.006600000000000002
-0.006600000000000002
0.2315
-0.006600000000000002
-0.006600000000000002
-0.7590000000000001
0.39080000000000004
0.0
0.587
0.7077
0.22569999999999998
-0.1611
0.0
-0.1087
-0.15000000000000005
-0.17600000000000002
0.033499999999999974
0.6385
0.43389999999999995
-0.1577
0.2328
0.2788
-0.5336
-0.13870000000000002
0.33499999999999996
-0.0007999999999999995
0.002300000000000001
-0.1841
0.010399999999999989
-0.055500000000000035
0.0
0.5122000000000001
-0.3129
-0.0048
0.3648
-1.0411
0.0
-0.0048
0.3557
0.4531
-0.33320000000000005
-0.18779999999999994
0.4392
-0.0048
0.8109999999999999
-0.5365
-0.21780000000000002
-0.37300000000000005
-0.9493
0.42079999999999995
-1.1841
0.5305
0.0
1.2064
0.021099999999999997
0.2980999999999999
-0.6179
1.7247999999999999
0.04320000000000001
-0.0048
-1.4324000000000001
-0.7105000000000001
0.2176
0.027099999999999985
0.22569999999999998
0.3557
-0.6266
0.22569999999999998
-0.1801
0.004
-0.1841
0.2829
0.01150000000000001
0.0
0.002400000000000001
-0.0665
-0.1841
-0.05870000000000001
1.3141
1.2956999999999999
0.2826
0.8045
0.45
0.0
-0.8605
-0.27110000000000006
0.0
0.2436
0.35679999999999995
-0.5916
0.5626
-0.6805000000000001
-0.2574
0.004
-0.6693
-0.23870000000000002
-0.6743
-0.1841
1.4495
0.0652
0.019299999999999956
0.4512
0.2176
-0.2341
-0.3763
0.0
0.21769999999999998
-0.4534
-0.6024
-0.018200000000000004
-0.4902
-0.9388
0.5913
-1.0190000000000001
-0.0048
1.2717999999999998
-0.1841
0.10619999999999997
0.0
-0.13399999999999998
-0.03600000000000004
0.060399999999999995
0.5932
0.0
0.1952
-1.3571
-0.4683
0.6203
-0.42700000000000005
-0.9623
0.9606
0.2848
0.7377999999999999
-0.7265
-0.6872
-0.1841
-0.3989
0.004
-0.5786
-0.4585
0.3616
0.0
0.0
0.0
1.4869
0.0
-0.3547
0.033999999999999996
0.0
-2.2506
-0.1313
-1.0974000000000002
0.0564
-0.03790000000000003
0.2176
0.0564
-0.12290000000000001
0.0612
0.2529
0.0
0.3832
-0.1841
-1.1943000000000001
-0.45870000000000005
0.17479999999999998
0.215
0.1493
0.531
-0.4506
-0.05500000000000005
-0.1895
-0.22210000000000008
0.0
0.0
-0.5907000000000001
0.0
-0.10950000000000011
0.004
0.14039999999999997
-0.7238
-0.1889
-0.3848000000000001
-0.2881
1.2505
0.33999999999999997
1.6766999999999999
-0.29040000000000005
0.6668999999999999
-0.3563
-0.26860000000000006
-0.4862
-0.11090000000000001
-0.1683
0.1747
0.2602999999999999
0.6561999999999999
0.45979999999999993
-0.552
0.0747
0.0
-0.25870000000000004
0.029899999999999982
-0.8611000000000001
-1.8675000000000002
-0.506
-0.652
-0.054
-0.0493
0.0
-0.1864
0.0
0.6502
-0.4679000000000001
-0.08440000000000002
-0.5316000000000001
-0.4969000000000001
0.25639999999999996
-1.3425
0.09469999999999998
-0.2645
-0.3098000000000001
-2.7589
-0.30820000000000003
-2.2583
0.8976999999999999
-0.7489
0.0612
0.0
0.0
0.0
0.03749999999999998
-0.5365
0.2176
0.0
-0.3143
0.033499999999999974
-0.2187
0.0
0.0
0.0
-0.3659
0.0699
-0.0539
-0.028399999999999984
-2.4977
0.5111
0.4671
-0.5189
-0.4862
0.2176
0.4392
0.0
-0.7206
0.0
-0.49500000000000005
0.12390000000000001
-0.9223
0.4012
-1.3095999999999999
0.2609
1.1289
0.6054
0.3772
-1.0686
-1.4296000000000002
-0.008300000000000002
0.1969
0.1933
-1.3574
0.31489999999999996
-0.16010000000000005
-0.05280000000000004
-2.9877
-0.4298000000000001
-0.9864
-0.7087
-1.2653
0.0
-1.1077000000000001
-2.0352
-1.3098
-0.14550000000000002
-0.6918
0.06409999999999998
-0.015400000000000021
-0.2550000000000001
0.21889999999999993
0.6836
-0.3542
-0.4573
0.0
0.4840999999999999
1.0138
0.769
0.0
-1.3897
0.5218999999999999
0.49639999999999995
-0.108
-0.4802
0.4541
-0.8573000000000001
0.46279999999999993
0.8244
0.04929999999999998
-1.0957000000000001
-1.7159000000000002
-0.9828
0.0
0.75
-0.336
0.2251
-3.0959000000000003
0.2251
0.2176
-0.05610000000000003
0.033499999999999974
0.9093
0.7019000000000001
-1.4657
-0.10180000000000002
-0.0445
0.3848
0.0
-0.49240000000000006
0.0
0.0
0.2315
0.18150000000000002
0.4432
0.0
-2.6758
-0.5086
0.16709999999999975
0.3416999999999999
-0.3378
0.0
0.10419999999999997
0.15579999999999994
0.17850000000000002
-0.8972
-0.07000000000000008
0.494
0.25389999999999996
0.4169
0.8331
0.21379999999999988
-0.1841
0.6527999999999999
0.2315
0.2176
-0.6079000000000001
-0.54
-0.6874
-0.3287
-0.4204
-0.24139999999999998
-1.5814
-0.09369999999999999
-0.0635
-0.4247000000000001
1.9594
0.0
0.2338
0.0844
0.0612
0.0
1.0258
-0.1889
-0.6546
-0.24100000000000002
-0.5351
0.3389
-2.018
-0.22120000000000012
0.0
-0.45670000000000005
0.2667
-0.6695
0.004
-2.2037
0.474
0.2128
0.11900000000000001
-0.5002
-0.9388
-0.3576
-0.311
-0.0445
-0.0048
0.21499999999999994
-1.8115
0.030099999999999957
-0.7856000000000001
0.1057
1.5956
-0.3653
-0.5483
-0.4735
-1.1992
-1.6933
0.0
-2.6399
-1.2352
0.0
-0.054
0.0
-0.3109
0.0
-1.7689000000000001
-0.22760000000000002
-1.2006000000000001
-0.679
0.004
-0.5918
-0.0596
-0.0048
-0.51
-0.42900000000000016
-1.0674000000000001
0.19549999999999998
0.8038000000000001
-0.792
-0.8628
-0.20250000000000004
-1.6064
-0.4902
-0.43790000000000007
-1.6633
-0.47320000000000007
-2.5935
0.463
-0.7692
-0.1841
-1.0019
-0.21560000000000012
0.3344
-0.1841
-0.3359
-1.194
0.2176
0.033499999999999974
-0.2381
0.04929999999999998
0.5355
-0.5203
-0.2064
0.15059999999999998
-0.8861000000000001
-0.2023
0.8173
-0.388
-1.0667
-0.5875
-0.2914
-0.12290000000000001
-0.9822000000000001
-0.3233
-0.7225
-0.20140000000000005
0.1131
-1.2583
-0.5204
0.23549999999999996
-0.5344
-0.1841
0.0
0.032299999999999995
-0.11420000000000001
0.1743
-0.3682
0.0612
0.3573
-0.3187
-1.0088000000000001
-0.28759999999999997
0.0
0.03749999999999998
-0.33
-0.3246
0.0
0.2654
-0.020500000000000025
-0.8353
-0.9786
0.006899999999999976
-0.6545000000000001
-0.3682
0.5530999999999999
-0.4726
0.2216
-2.5448
-0.5562
0.0474
-0.2456
-0.0007999999999999995
-0.49500000000000005
0.0
0.0
0.0
-0.7243
-0.8632000000000001
-0.11300000000000002
-0.3537
-0.0048
-0.1801
0.446
0.266
0.5675
-0.07920000000000003
-0.7583
0.3065
-1.2847
0.4686
-0.6703
0.39159999999999995
-0.1889
-0.36460000000000004
-0.2847
0.36229999999999996
0.2927
0.03749999999999998
-0.8551000000000001
-1.7364000000000002
-0.3308000000000001
-0.9044000000000001
-0.8139000000000001
-0.5925000000000001
-0.8544
0.051699999999999996
0.9432999999999999
0.334
-3.9342
-0.3771
-0.7991
1.0827999999999998
-0.29860000000000003
0.792
-0.05470000000000007
-2.3171
0.3211
-0.9296000000000001
-0.0048
0.1359
0.01619999999999996
-0.12449999999999996
-0.5387
-1.1566
-0.05780000000000001
-0.054
-0.5048
0.0
-0.5655
0.0836
-0.4983
0.7555999999999999
0.11760000000000001
0.0
-0.5179
-0.5494
-0.3308
-0.746
-0.0048
0.2176
-0.6019
0.0
0.0
0.2176
0.018400000000000014
-0.3256
0.1636
0.2971
-0.01900000000000008
-0.0242
-1.9622000000000002
-0.5099
0.15689999999999998
0.41019999999999995
-0.8592000000000001
-0.0048
0.0
-0.30410000000000004
-0.8726
-0.9440000000000001
-0.02770000000000016
-1.0251000000000001
-0.1841
-0.15140000000000003
0.2176
-0.42500000000000004
0.22569999999999998
0.0
0.0
-0.46720000000000006
0.0
0.7707999999999999
0.5026999999999999
-0.16710000000000003
0.16919999999999996
-0.2893
-0.4641
0.3046
0.0957
-0.0048
0.033499999999999974
0.26669999999999994
-0.33020000000000005
1.0221
-0.4727
0.0
-0.8749
0.0
0.0
0.0
-0.4899
0.08339999999999999
0.8774
0.0564
-1.1138000000000001
0.3452
0.23650000000000002
-0.4305
-0.0527
-2.6628
0.3223
-0.5254
-1.1297000000000001
0.4628
0.0
-0.009599999999999997
0.2889
0.0
-0.3284
0.7451
0.1224
0.0
0.1224
-0.3682
-0.37300000000000005
-0.9272
-0.1889
0.004
0.4003
0.0
-0.2672
-0.2223
0.0
0.13679999999999998
-0.6087
0.0
0.732
0.004
-0.25100000000000006
-0.49500000000000005
-0.27260000000000006
0.0
-0.3233
-0.45270000000000005
0.4983
0.004
-0.26570000000000005
0.5051
0.5051
-0.8806
0.0
-0.7095
0.04369999999999998
0.0
-0.3295
-0.1664
-0.8632000000000001
-0.5123000000000001
-0.5123000000000001
-0.8457000000000001
-0.7706
0.2216
-0.098
0.4537999999999999
0.5116999999999999
0.0
0.0
-0.1291
0.2176
-0.26020000000000004
-0.47700000000000004
0.6896
-0.8632000000000001
0.26539999999999997
-0.2381
0.5128999999999999
0.7702
-0.5338
-0.7206
0.0
0.7946
0.7994
0.3287
0.3287
-0.2642
0.033499999999999974
-0.3187
0.011199999999999988
0.6159
-0.1177
0.021100000000000004
0.23650000000000002
0.8207
0.7239
0.5973999999999999
0.3616
-0.27260000000000006
-0.0048
0.0
0.6954
0.17669999999999994
-0.8182000000000001
0.351
-0.4387
-0.31889999999999996
-0.1841
0.014099999999999988
0.44639999999999996
-0.7427000000000001
-0.24180000000000004
0.0
-1.2029
-0.899
0.358
0.14849999999999997
-0.0453
-0.1819
-0.0048
-0.27260000000000006
-0.09840000000000006
0.753
0.04219999999999996
0.1086
-0.1975
-0.49810000000000004
-0.6743
-0.3003
-0.2955
1.0109
-0.23700000000000002
0.0
0.0787
-1.2768000000000002
0.0
-0.5263000000000001
-1.07
-0.5397000000000001
0.0032000000000000006
-0.3538
0.959
0.0
-0.5188
0.2176
-0.4735
0.0
-0.3682
-0.1812
-0.9672000000000001
-0.0048
-0.3682
-0.7112
0.2444
0.3796
-0.7106
0.0
-0.5483
0.20600000000000002
0.3326
-0.0562
0.0
0.0
-0.39139999999999997
-0.038400000000000094
0.0
-0.7556
0.0612
-0.2154
0.0
0.2216
0.6294
-0.9616
-0.20850000000000002
0.3346
0.5026999999999999
-0.10930000000000005
0.10110000000000001
-0.5873
-0.0039000000000000016
0.5494
0.0
-0.17930000000000001
0.8829
0.0
-0.3678
0.2176
0.5675
-0.48260000000000003
0.009399999999999891
-0.054
-0.477
-0.2519
0.2458
0.4491
0.27890000000000004
-0.054
-0.49100000000000005
0.3852
-0.447
-1.1038000000000001
-1.7679
-2.949
-0.8150999999999999
0.24080000000000001
-0.6148
0.0
-0.41400000000000003
0.13319999999999999
-0.4619000000000001
-0.3364
0.2197
0.3263
0.4198
0.9911
0.5483
0.2174999999999999
-1.1645
-1.1571
-0.9804
0.1777999999999999
-1.9387
-0.8176
-1.2869000000000002
-0.0048
0.2574
0.4816
-0.04810000000000005
-0.4055
-0.7031
0.020499999999999977
0.44239999999999996
-1.6279000000000001
-0.5296
-0.1761
-0.1882
-0.4428
-0.5005000000000001
0.8321
0.6533
-1.1557000000000002
-0.8642
-0.7691
-1.0119
-0.44129999999999997
-0.1801
-0.9474
0.01629999999999998
-0.4159
0.1131
0.39829999999999993
-3.6304
0.2176
-0.8987
0.0
-0.9854
-0.1841
-0.7364
0.0
0.0
0.3539
0.4352
-0.422
-1.1069
-0.16060000000000002
1.3506
-0.2223
0.5396
-0.7868
-0.8206
-0.7001
-2.0277
-0.701
-0.09560000000000002
-0.2241
-0.7088000000000001
-2.5344
-1.2762
-2.2161
-0.1416
-1.213
-1.4429
-0.1634
1.0482
-0.3915
0.3557
0.5585999999999999
0.0
-0.2223
-0.3447
-0.23870000000000002
-1.3002
-0.5413
-0.25700000000000006
-0.7137
-0.4166000000000001
0.4256
0.0
-0.6179
-0.34380000000000005
-0.6924
-0.002500000000000003
-0.2185
0.1821
-0.2172000000000001
0.05919999999999996
0.8227
0.06820000000000001
0.7816
0.23039999999999997
0.7019000000000001
0.1845
-0.4287
-0.6136000000000001
0.1744
0.0
0.37
-0.0445
-0.45670000000000005
0.46499999999999997
-0.054
0.2953
0.0
-0.36100000000000004
-0.0048
-1.1134
-0.8515
-0.7125
-0.0548
-0.00030000000000002247
0.3982
-0.49240000000000006
0.0
2.4568
0.2176
-0.0096
-0.002400000000000001
0.0
-1.3494000000000002
-1.3494000000000002
0.3932
-0.1841
0.0
-0.0937000000000001
-0.1841
-1.3494000000000002
-1.3264
-0.5086
-0.3562
0.11219999999999994
0.3781
-0.5699
-1.2849
-0.3378
0.1712
-0.05
0.40909999999999996
-0.054
0.0612
0.6031
0.3796
0.15579999999999994
0.2128
0.1359
-0.12259999999999999
0.17850000000000002
-0.1342
-0.763
-0.763
-0.07000000000000008
0.0
0.1636
-0.5529999999999999
0.0652
0.446
0.3764
0.3764
0.25389999999999996
0.8331
-0.15060000000000004
0.5591999999999999
0.1129
0.38439999999999996
-0.12290000000000001
0.2176
0.6527999999999999
-0.0007999999999999995
0.2315
0.0
-0.4902
0.2315
-0.7643
0.0033
0.4935
-1.3612
-0.54
-0.6874
-0.2933
-0.3545
0.1131
-1.6973
-0.09369999999999999
-0.0635
0.2738
-0.6985
0.297
0.0612
0.2146
-0.04060000000000003
0.2238
-0.6637
1.7509
-0.1721000000000001
0.6455
0.008
0.6796
0.09869999999999997
-0.3452
-0.5417000000000001
-0.13610000000000003
0.18889999999999998
0.1838
0.004
0.2338
-0.3503
0.0135
0.7675
0.4306
0.0612
0.7432
0.17850000000000002
-0.0306
0.0
0.8184999999999999
-0.009100000000000066
-0.07500000000000004
1.0258
0.0612
0.0135
-0.30920000000000003
-0.0048
0.0
0.7132000000000001
-0.194
-1.2448000000000001
0.31659999999999994
0.0
0.004
0.004
-0.4862
0.36679999999999996
-2.018
0.3389
0.0
-0.45670000000000005
-0.20730000000000007
-1.1602000000000001
-1.1602000000000001
-0.0306
-0.1706
-1.1681000000000001
-0.4199
-0.14700000000000005
0.6022
1.0263
0.004
0.11900000000000001
-0.07510000000000001
0.7619
0.0
-0.5002
-0.25870000000000004
-1.0923
-0.26860000000000006
-0.3576
-0.7541
-0.0048
-0.2751
0.474
-0.32020000000000004
-0.0144
-0.3642
0.0
0.6719999999999999
-0.4546
0.97
-0.10599999999999998
0.0889
-0.7856000000000001
0.1057
0.0
1.5956
-0.0048
0.0
0.17220000000000002
-0.4735
-1.1992
0.0
-3.5322
0.8923
0.11209999999999998
0.0
0.2176
0.2176
0.056499999999999995
-0.1611
-0.054
0.2176
0.0
-0.3228
-0.05129999999999999
-0.2147
-1.5542
0.338
-1.2006000000000001
-0.5284000000000001
-0.679
0.0
-0.5918
-0.3562
-0.13
-0.1889
0.08879999999999998
-0.0435
0.2828
-0.3439
-0.0048
-0.35650000000000004
-0.2381
0.1127
0.3716
0.0
-0.9237000000000001
0.0
-0.6743
-0.51
0.004
0.0
0.0
-1.0556
-0.257
-0.183
-0.3642
0.262
0.1984
-1.3880000000000001
-1.0172
0.6471
-0.25070000000000003
-0.3642
-1.0
2.2869
0.8038000000000001
-0.1182
-0.792
-0.8628
-0.0007999999999999995
-2.0498
-0.43790000000000007
-0.11890000000000002
0.37809999999999994
-0.052199999999999996
0.0
-0.7005
0.4256
-0.3371
0.0
0.0612
-3.2836000000000003
-0.9811
-0.848
-0.14019999999999994
1.1485
-1.5487
-0.26280000000000003
-0.1819
-0.1841
-0.3737000000000001
-0.6282
0.033499999999999974
0.033499999999999974
-0.41709999999999997
0.0
0.004
-0.0306
-0.4902
0.04929999999999998
-0.3236
0.3344
-0.1841
0.0
0.0
0.0
-0.1841
0.04119999999999997
0.08549999999999996
-0.3359
-0.37870000000000004
-1.194
0.033499999999999974
0.0
-0.3236
-0.2381
-0.6347
-0.4717
0.04929999999999998
0.3421
0.1934
-0.5203
-0.1822
-2.6516
-0.2964
-0.0048
0.15059999999999998
-0.8861000000000001
-1.0095
-1.0095
-0.2023
-0.8038000000000001
0.2176
-0.6056
-0.6056
-0.42110000000000003
-0.3534
-0.2922
-0.0504
-0.5953
-0.0048
-0.9822000000000001
-0.30979999999999996
-0.7225
-0.41140000000000004
0.1131
-1.2583
-0.5204
-0.49500000000000005
0.49899999999999994
0.2315
0.0
-0.1812
-0.1841
-0.11420000000000001
0.1743
-0.3682
0.0
0.0612
0.3573
0.0484
-0.12290000000000001
-0.12290000000000001
0.0
-1.0088000000000001
-0.28759999999999997
-0.33
-0.3246
0.0
-0.51
-0.4686
0.004
-0.6545000000000001
-0.3682
0.1756
0.004
-0.0048
-0.4726
0.2176
0.2216
0.0
0.0
-2.5448
-0.4726
-0.0048
0.0
-0.4902
-1.0111
-0.2456
0.0
-1.0353
-0.0007999999999999995
0.2176
-0.49500000000000005
-0.025
-0.3295
0.0
-0.7243
-0.8632000000000001
-0.3503
0.4443
-0.0048
0.008
-0.3537
0.3597
0.0087
0.25059999999999993
1.6859
-0.1801
-1.5124000000000002
-0.9975
-1.2847
0.0
-0.9527000000000001
0.5066
-0.8991000000000001
-0.9975
-1.8488
-0.1889
0.0
0.0135
0.14429999999999998
-0.49500000000000005
-0.0007999999999999995
0.37079999999999996
0.06419999999999997
-0.1841
0.2927
0.028699999999999976
0.0
-0.6636000000000001
-0.6636000000000001
0.03749999999999998
0.0
0.0
-0.9044000000000001
-0.8139000000000001
-0.5925000000000001
0.10269999999999997
-0.6743
0.051699999999999996
0.4148
0.19569999999999993
-0.4746000000000001
0.0612
0.0612
0.0
0.5542
0.9432999999999999
0.334
0.2216
-0.15060000000000004
-4.0052
-0.35530000000000006
-0.7991
-0.2571000000000003
0.792
-0.43270000000000003
-0.8677000000000001
-2.5246
0.3211
0.0
-0.9296000000000001
-0.0048
0.1359
0.5514
-0.8296
-1.7429000000000001
0.5925999999999999
-0.2992000000000001
-0.4825
-1.2911
-0.0020000000000000018
-0.5048
0.0
-0.5655
-0.9222
0.45180000000000003
-0.4983
0.7555999999999999
0.0
-0.5179
-0.5494
-0.3308
-0.0048
-1.8073000000000001
0.2176
-0.21140000000000003
-0.21140000000000003
-0.6019
0.0
-0.054
0.2176
-1.1551
-0.3534
-0.473
0.3938
-0.22220000000000004
-0.22669999999999998
0.2971
-0.4412000000000001
-1.0384
0.41019999999999995
0.40779999999999994
0.0
-0.6445000000000001
-0.9440000000000001
-0.02770000000000016
-0.7416000000000001
0.2176
0.22569999999999998
-0.46720000000000006
-0.46720000000000006
0.9379
-0.16710000000000003
0.16919999999999996
-0.1769
0.3046
0.06839999999999999
-0.0096
-0.18910000000000002
-0.6826
-0.8765
-0.32
0.0957
0.0
-0.1841
-0.9651
-0.2921
1.0221
0.49829999999999997
-0.4727
-0.8749
-0.0048
0.47089999999999993
0.0
0.4352
-0.9198000000000001
-1.0574000000000001
0.543
0.5817
-0.4305
-0.0048
0.2176
0.2216
-0.5012
-0.3233
0.2088
-0.1677
0.12289999999999997
-0.5882
0.0
-4.7659
-0.5959000000000001
0.10540000000000001
0.0
0.366
-0.6172000000000001
-0.009599999999999997
-0.3284
0.8675
0.5646
0.5548
-0.7184
0.0
0.4003
-0.2672
-0.2271
0.0
0.0
-0.10030000000000004
-0.48500000000000004
0.0
-1.7213
0.732
-0.8145
-0.8632000000000001
-1.6163
0.2216
0.04219999999999996
0.41159999999999997
-0.16260000000000005
-0.0048
0.05800000000000004
-0.0048
-0.1291
0.9387
0.7799
0.5616
0.16679999999999998
-0.42700000000000005
-0.1841
0.5055
0.5938
-0.37770000000000004
-0.3298
-0.0048
1.0583
0.7946
0.7994
0.033499999999999974
-0.19770000000000001
-0.3954
0.011199999999999988
-0.0048
0.6159
0.5539999999999999
-0.1177
0.021100000000000004
-0.0048
-0.0048
0.8207
1.76
0.010099999999999991
0.01489999999999999
0.8721
-0.5730000000000001
0.5503999999999999
0.2294
-0.1841
0.46049999999999996
-0.36960000000000004
1.1978
-1.0925
-0.25140000000000007
-0.3503
-1.2029
-0.899
0.5354
-0.3496
-0.07680000000000001
0.40349999999999997
0.4589
0.1086
-0.1975
-1.9352
-1.9352
-0.8126000000000001
0.1431
0.2868
-1.0468
-3.5682000000000005
-1.7288000000000001
1.4372
-0.6387
0.959
-0.5188
0.2176
-1.1006
-0.3682
0.03639999999999999
0.004
0.0
-0.17620000000000002
0.19549999999999998
-0.17180000000000004
-1.1224
-0.46680000000000005
0.4382
0.8604999999999999
0.2443
-1.7712
0.46249999999999997
0.3326
-0.3012
0.12390000000000001
0.648
-0.39139999999999997
-0.038400000000000094
-0.6514000000000001
-0.4183
0.2216
0.6294
-0.5962000000000001
1.1353
0.5494
0.0
-0.046
-0.17930000000000001
0.0
0.7276
-0.43110000000000004
0.09429999999999986
-0.054
-0.9742000000000001
-0.44090000000000007
-1.1513
0.4491
-1.8202
-1.7152
0.03569999999999998
-0.39690000000000003
-0.7353
-2.1236
0.050199999999999974
-0.08320000000000004
-0.44620000000000004
0.6104999999999999
-1.4172
0.0
0.0
-0.9343000000000001
-0.047300000000000036
-0.5675
0.0
0.0
0.0
0.47509999999999997
0.25349999999999995
0.10339999999999996
0.363
-0.9999000000000001
-0.4619000000000001
0.4198
0.10869999999999998
0.2176
0.9299
-0.16900000000000007
-0.6367
0.4133
-0.5413
0.10789999999999988
0.2325
-1.1645
-0.24480000000000005
-0.6323000000000001
0.0
-0.9804
0.0
0.1870999999999999
-0.672
0.0
0.2248
-1.486
-0.4527
-0.48910000000000003
-0.2519
-0.0618
-0.6818
-1.4826000000000001
-0.054
-0.1329
-0.0682
0.533
-0.04810000000000005
-0.04810000000000005
-0.5402
-1.3218
-0.7031
0.3796
0.68
0.23879999999999996
-1.1124
-0.2341
0.004
0.0747
-0.8580000000000001
0.5631
-0.2429
0.6533
1.4692
-0.0048
-0.33
-1.0025
-0.7691
-1.0119
-1.3362
0.0306
-0.496
0.5145
0.39829999999999993
-4.3543
-0.5529999999999999
0.3557
-0.4666
-0.9225000000000001
-0.8987
0.0
0.0
0.40919999999999995
-0.2249
-0.3682
-0.2803
0.338
0.0
0.0
-0.4533
-0.1947
0.0
0.22490000000000002
-0.7839
0.0
-0.12080000000000005
0.6995
0.3539
-0.5493
1.2459
0.1176
1.3506
-0.6705000000000001
-1.0766
-0.44700000000000006
-0.7103000000000002
-0.20840000000000009
-1.399
-0.1841
-1.0641
-1.0485
-0.4546
0.359
-0.054
-0.7096
-2.2161
-1.213
-1.4273
-0.1634
0.4169
-0.2223
0.6237999999999999
-0.3447
-0.23870000000000002
-1.3002
-0.5413
0.033499999999999974
-0.4682
-0.9804
-0.24970000000000003
-0.19200000000000003
0.04219999999999996
-0.2404
-0.4937
-2.1601
-0.5315
-0.7379
-0.053500000000000006
-0.1335
-0.002500000000000003
0.1821
-0.0007999999999999995
0.004
0.004
-0.6503
-0.025
0.0612
0.2315
0.0
0.5775
0.6081
-0.46380000000000005
-2.814
-0.4902
0.7976
0.762
-0.19399999999999995
-0.15330000000000008
-1.411
-1.411
-0.7989
-0.0795
0.2788
-0.30700000000000005
0.09869999999999997
1.4363
0.3256
-0.27260000000000006
0.8593999999999999
-0.4546
-0.5174
0.10199999999999995
0.2176
0.02510000000000001
0.2216
0.31899999999999995
-0.793
-0.17290000000000003
0.21660000000000001
-0.1651
0.0
-0.6199
0.004
0.18399999999999994
0.4222
-0.0048
-0.3306
-0.8843
0.39359999999999995
-1.0035
-1.861
-0.14840000000000006
-0.1937
0.5031
0.7529
1.3253
0.1801
-2.2502
0.18430000000000002
-0.8081
-0.3449
0.2198
-0.09649999999999996
0.05790000000000001
-0.9775000000000001
0.19589999999999996
0.028699999999999976
0.11230000000000001
-0.42700000000000005
-0.4783
0.3597
0.2216
0.19709999999999997
-0.1812
0.0
0.0
0.0
-0.13490000000000002
-0.13490000000000002
-0.11890000000000002
-0.4902
0.2176
0.2176
0.1367
0.0121
0.09869999999999997
0.0
0.2832
-0.4902
0.0
0.25379999999999997
0.2325
-0.8056
-0.8056
-0.9145
-0.49100000000000005
-0.0525
-0.3521
-0.552
0.1696
-0.1812
0.4038
0.4038
-0.629
-0.5591999999999999
-0.8381000000000001
-0.11740000000000003
-0.11740000000000003
-0.1801
0.11869999999999985
0.11869999999999985
-0.7798000000000002
0.008
-0.2429
0.004
-0.7154
-0.8592000000000001
-1.2896
-2.3021000000000003
0.41
0.015299999999999946
-0.671
-1.1319000000000001
-1.5541
-0.6264000000000001
-0.24010000000000004
-0.12339999999999998
0.0514
0.0
0.16329999999999995
0.004
-0.1889
0.0
0.0
-0.4408
-0.3534
-1.3094
-0.1841
-0.8424
0.46959999999999996
1.4773999999999998
0.004
0.0
0.7642
-0.0048
-1.9675
-1.2572
-1.5445
-0.8715999999999999
1.3347
1.3347
-0.1277
0.8951
1.7408
-0.9021
-0.9021
2.0890999999999997
0.0
1.4444
-1.2458
-1.2294
0.43039999999999995
0.3823
0.2754
0.2754
0.2176
0.1774
0.1726
-0.0096
0.494
0.3912999999999999
0.5347999999999999
0.494
0.0315
0.2908
3.7285999999999997
0.7195
-0.3308
0.0
-0.3394
0.38849999999999996
-0.841
-0.13570000000000002
-0.5385
-0.5385
-0.3308
-0.04609999999999998
-0.7254
-0.0766
-0.8778
0.025499999999999988
-1.1308
0.1479
0.3256
-1.323
0.026499999999999933
0.0
0.5972
-0.4528
0.2378
-0.030600000000000047
0.4352
-0.3481
0.5189
0.0612
-0.3147
-0.49500000000000005
0.5932
-0.0048
0.0
-0.1801
-0.6423
0.5385
-1.3364
0.2315
0.0556
0.8278
0.40859999999999996
0.4861
-0.1841
-0.37090000000000006
-0.37090000000000006
-0.4902
-0.4902
-0.0007999999999999995
0.2168
0.3908999999999999
-1.3527
-0.1841
-0.5918
-0.5918
-0.5068
-0.4046
0.5892
-0.506
0.0612
0.5729
-0.11080000000000004
-0.11080000000000004
-0.15060000000000004
-0.05980000000000005
-1.0839
0.0
0.42479999999999996
-0.11300000000000002
-0.18109999999999998
0.0
0.004
-0.024700000000000003
0.27779999999999994
-0.17120000000000005
-0.5223000000000001
0.1131
0.0081
0.0
0.3716
0.1799
0.43689999999999996
0.3256
0.2325
0.2176
0.3694
0.2325
0.2176
0.3694
0.4121
-0.5749
0.0
0.2176
0.004
0.0
-0.7110000000000001
0.0
0.0
0.0
-0.7422
0.2256
-0.2023
0.216
0.044300000000000006
-0.4735
-0.11310000000000006
-0.12300000000000003
0.0
-0.1841
0.0
-0.29350000000000004
-0.3394
0.0747
0.209
0.0
-0.1841
0.0
0.0564
-0.5325
-0.0048
1.0614
-0.5421
-0.27370000000000005
-0.8497000000000001
-0.38650000000000007
-0.1853
-0.1841
0.04049999999999998
0.7277
-0.7235
-1.9252
0.0
1.1069
-1.1256000000000002
-1.1256000000000002
-0.054
-0.054
0.162
-0.7085
0.2847
0.746
-0.1801
0.2176
0.34429999999999994
0.2217
0.09059999999999999
-0.12860000000000005
-0.4276
-0.6117
0.23719999999999994
-0.1849
-0.23700000000000002
-1.2743
0.0
-0.3125
0.3339
-1.6405
0.2292
0.1212
0.41950000000000004
-0.9065
-1.1586
0.0
-0.3311
-0.6295000000000001
-0.6473
-0.0588
-0.41009999999999996
0.2176
0.0
0.0
-2.676
-2.676
0.0
-0.054
0.01899999999999999
-0.5365
0.3513
0.4999
-0.08220000000000001
-1.1184
-1.1184
-0.24909999999999996
-0.5365
-0.4798
-0.4902
0.2216
-0.1651
1.6795999999999998
-0.3187
-0.7765
-0.007200000000000103
0.0
0.028699999999999976
0.2176
0.07469999999999995
0.2311
0.3716
0.4879
-0.7125
-0.7245
-0.2091
0.0
0.01669999999999999
0.01669999999999999
0.10769999999999992
0.10769999999999992
-0.301
-0.301
-0.44259999999999994
0.39510000000000006
0.5156
0.5059
-0.11460000000000004
0.9504999999999999
0.0474
0.27799999999999997
-0.2381
-1.4043
0.004
-1.8969
0.0
0.25329999999999997
0.2056
0.8226
0.464
0.0
-0.1841
0.0
-0.0048
-0.0007999999999999995
-0.6503
-0.025
0.2315
0.23550000000000001
0.0
-1.0181
0.6515
0.0804
0.0195
-2.814
-1.6433
0.13349999999999998
0.7976
0.762
0.4167
-0.6026
-0.4185
0.0474
-0.15330000000000008
0.3616
0.0
-0.005599999999999999
0.0
0.6845
0.5972
0.07259999999999997
0.0
-0.4787
-0.4902
-0.25870000000000004
0.6979000000000001
0.0081
-0.9804
0.115
0.44049999999999995
0.1716
-0.6526000000000001
-0.1022
0.2603
0.052999999999999964
0.17370000000000002
-0.3114
-0.4902
-0.006000000000000019
-0.4729
0.6997
0.8593999999999999
0.4089
-0.06250000000000006
0.0
0.0
0.4079
0.0
0.0
0.2829999999999999
0.004
-0.4104
0.06100000000000004
-0.054
0.4514
0.2216
0.10750000000000001
-1.381
0.0
0.41269999999999996
0.10139999999999999
-1.2571
0.0
1.2881
0.0
0.3475
-0.0443
0.2788
0.6657
-0.1801
0.0612
0.0
-0.1841
0.21660000000000001
0.2315
-0.12290000000000001
0.004
-0.9797
0.4222
0.25509999999999994
0.0
0.0
0.019900000000000032
-0.5838
0.0
0.39359999999999995
0.4352
0.32749999999999996
0.0
-0.0588
-0.1706
-0.8329
-0.7331000000000001
-1.3008000000000002
0.10379999999999999
-0.8193
0.0
-0.7846
0.8188
-0.9672000000000001
-0.1841
0.0
0.0
0.0081
0.2216
-0.14660000000000004
0.1002
-0.1073
-0.2057
0.0484
-0.03340000000000001
-0.5721999999999999
0.23550000000000001
1.3825
-0.418
0.06740000000000002
0.5004
-1.6166
0.2449
0.0
-0.1313
0.5492
-0.4242
0.18430000000000002
0.0
0.5713
-0.301
-0.8297000000000001
-0.8246000000000001
-1.4812
-0.37729999999999997
0.3009
0.3984
-0.1841
0.2216
0.29799999999999993
0.2198
0.39119999999999994
-0.28800000000000003
-0.09649999999999996
0.05790000000000001
-0.7039
-0.9775000000000001
-0.6269
0.2717
0.0652
-0.9892000000000001
-1.4808999999999999
0.5451999999999999
-0.1841
-0.36140000000000005
-0.3305
-1.4335
0.11230000000000001
-0.4862
-0.28640000000000004
0.0
-1.4604
0.6275
0.6837
-0.20160000000000003
-0.15080000000000005
0.4593
0.4668
-0.3492
0.22619999999999998
-0.42500000000000004
0.014199999999999949
0.0
0.4342
-0.1387
-0.5135
0.3597
-1.0803
-0.14260000000000003
0.004
0.2176
1.1634
0.3291
0.19709999999999997
-1.1256
-0.45790000000000003
0.0
0.0
0.0
-0.13490000000000002
0.2176
0.3013
-0.4902
0.0
-0.1889
-0.36900000000000005
0.004
0.2176
-0.8792
-0.005599999999999999
0.8822
-0.16790000000000002
0.0
0.004
0.2128
0.3208
-0.054
0.3307
-0.49500000000000005
-0.0048
0.0
-0.7558
-0.12290000000000001
0.3733
-0.054
-0.3682
-0.3729
0.7271
1.1447
-0.1761
-0.008500000000000011
0.1131
-0.4182
-0.3682
-0.6679
-0.8228
-0.1929
-0.4902
0.09869999999999997
-0.2925
0.2832
-0.4902
0.0
0.2325
-0.9145
-0.4862
0.0
-0.552
0.0
0.20779999999999998
-0.8995000000000001
-0.03470000000000002
-0.6483
-0.10300000000000001
0.4038
-0.3602
-0.8225
-0.9972000000000001
-0.5523
-0.3642
-0.1801
-0.03470000000000002
-0.1801
0.2052
-0.06580000000000005
-0.6633
-0.8228000000000001
-0.1739
-1.0385
-0.2429
0.004
-0.7154
-1.5327000000000002
-0.0007999999999999995
-2.3021000000000003
-1.3682
-2.3605
0.4108
-0.41700000000000004
-0.671
0.1273
-0.1841
0.004
-0.3738
0.0
-0.1801
0.0
0.0
-0.1801
-0.868
-0.17930000000000004
-0.3489
-0.6264000000000001
-0.054
0.0
-0.24010000000000004
-0.345
0.0
0.0514
-0.3602
0.0
0.0
-0.0048
0.0612
-0.14260000000000003
0.4304
0.0
0.0
0.16329999999999995
-0.629
0.037
0.0
-0.12140000000000001
-0.25939999999999996
0.036199999999999996
0.0
0.0
0.2176
0.31459999999999994
-1.0774000000000001
-1.0774000000000001
-1.3054000000000001
-1.3054000000000001
0.2879
-0.2757
0.3557
-0.4811
0.09739999999999999
0.14059999999999995
0.0
0.22799999999999998
0.22799999999999998
0.0
0.13109999999999997
-0.3489
0.17750000000000002
0.5279
-0.3497
0.0
0.0243
0.3943
0.0
0.0
0.004
0.24700000000000003
0.09869999999999997
0.38199999999999995
0.46959999999999996
0.4392
0.3716
0.7642
1.0914
0.39909999999999995
0.10140000000000002
-0.1889
0.2315
-1.0978
0.0474
-1.2572
0.13159999999999997
0.7416999999999999
-0.5063000000000001
0.428
0.3734
0.47809999999999997
-0.4546
-0.28859999999999997
-1.5445
-0.8715999999999999
1.3347
0.6137
0.0790999999999999
0.8951
1.7408
-0.3413
-0.10130000000000002
-0.8965
-0.3143
0.3967
-0.1261
0.0
1.4444
1.022
-0.301
-0.23579999999999998
-0.5838000000000001
0.1131
-1.1700000000000002
0.3823
-1.0558
0.0
0.2176
-0.14250000000000004
0.1726
0.36119999999999997
-0.5404
0.4609
1.0288
-0.1755
0.2944
-0.050300000000000046
0.40390000000000004
0.033499999999999974
0.7195
0.8021
0.0161
-0.37820000000000004
-0.8581000000000001
0.48179999999999995
-0.7226
0.567
0.4624
-0.03430000000000001
-1.2111
-0.14799999999999994
0.015300000000000001
0.3716
-0.3806
0.0
1.3193
-0.9925
-0.5592
0.0
0.3399
-0.819
-0.5141
-0.27810000000000007
-0.2661
-0.8693
0.08489999999999996
-0.7254
-0.0766
-0.8778
-1.1308
0.1479
-0.6331
-1.323
0.026499999999999933
0.36679999999999996
0.36679999999999996
-0.0096
-0.05280000000000008
2.0023999999999997
-0.43460000000000004
0.2903
-0.8881
0.004
-0.6463
-0.01730000000000001
-0.015200000000000019
0.19619999999999999
-0.1809
-0.030600000000000047
0.4352
-0.1841
-0.168
0.0
-0.10189999999999999
-0.0048
-0.7796000000000001
1.0467
0.0
-0.0048
0.0
0.4861
-0.5588
0.0612
-1.3364
0.5892
0.2315
0.0692
0.0556
-0.43440000000000006
-0.49500000000000005
0.2237
0.40859999999999996
0.4861
-0.1841
-0.3682
-0.3369
0.3041
-0.2341
0.0
0.3251
0.007099999999999988
0.2452
-0.6896
-0.6896
-0.335
0.004
0.3523
0.5892
-0.4448
0.004
-0.3284
-0.11080000000000004
0.0
0.0612
0.0612
0.0
-0.05590000000000004
0.0
0.00889999999999996
-0.032100000000000024
0.1131
0.1131
0.0081
0.19979999999999992
0.07109999999999991
-0.35050000000000003
0.3716
0.1799
0.4352
0.3256
0.0
0.0652
0.0612
-0.1841
0.1781
0.004
0.033499999999999974
0.0
0.0
-0.7422
-1.6296000000000002
0.023099999999999975
-0.19070000000000006
-0.05409999999999997
0.5632
0.04830000000000001
-0.3138
-0.2659
-0.447
-0.5075000000000001
0.10429999999999999
-0.05440000000000002
-0.05440000000000002
-0.1801
0.0
0.07549999999999996
-0.0048
-0.0048
-0.16770000000000002
0.2176
-0.1841
0.0564
0.2315
0.7182999999999999
0.004
-0.6743
0.0
-0.8497000000000001
0.39339999999999997
0.0
0.5723
-0.10340000000000002
0.28029999999999994
-0.1841
0.8412999999999999
-0.5394
0.0
0.5744
0.4346
1.1069
0.7521
0.40549999999999997
0.0484
0.3982
-0.3439
0.0
-0.36900000000000005
-0.7181000000000001
0.2895
0.746
-0.2429
-0.0048
0.0
0.4483
-0.18720000000000003
-0.1889
0.2217
0.09059999999999999
0.6043
-0.3749
0.0
0.2176
-0.6117
0.033199999999999966
-0.3031000000000001
0.22269999999999998
-0.3125
-0.5906
0.25939999999999996
0.3339
0.004
1.4127999999999998
0.033
-0.4418
0.0
-0.9895
-0.9065
-0.4032
-1.1586
-1.4848
0.2277
0.0
-0.3311
0.011099999999999992
0.011099999999999992
-0.46520000000000006
-0.1643
-0.4149
0.0
-0.0192
0.0
-1.5487
-0.054
-0.7242000000000001
0.6123
0.4999
-0.08220000000000001
-0.0119
-0.809
-0.29750000000000004
-0.13370000000000004
0.7377
0.47819999999999996
-0.1259
0.1616
0.2216
1.5868999999999998
1.329
-1.0406
-0.15749999999999997
-0.15110000000000004
0.0
0.2176
0.07469999999999995
0.0
-0.7727
0.34969999999999996
0.8986
-0.054
-1.2539
0.14939999999999998
0.3716
-0.7245
0.3716
0.07789999999999998
-0.9008
0.35760000000000003
0.5156
0.5618
-1.2202000000000002
0.2176
-0.2719
-0.6703
0.25329999999999997
0.2176
0.0
0.05419999999999997
1.2085
0.5415
0.0612
0.199
0.004
0.2216
-0.1889
-0.9271
0.0135
0.2788
0.0
-0.2518
-0.2591
-0.23700000000000002
0.11879999999999989
0.1554
-0.9238000000000001
0.2315
-0.35400000000000004
-0.05300000000000005
-0.1395
0.03569999999999998
-0.1897
0.40109999999999996
0.1359
-0.49500000000000005
-0.14000000000000004
1.0088
-0.9432
0.3694
0.4125
0.2267
-0.7372
-0.18440000000000004
0.4018
0.2452
-0.3732
-0.7282000000000001
-0.07890000000000005
0.8009000000000001
-0.10900000000000004
0.5253
0.4052
0.7298
0.8035
0.47369999999999995
0.08109999999999999
1.3004
1.4462
-0.34590000000000004
0.007399999999999959
0.07369999999999996
-0.15189999999999998
0.3487
-1.2905
-1.731
0.23389999999999997
-1.7566000000000002
1.3435
0.0
-0.44950000000000007
0.0359
-0.8341000000000001
1.5629
-0.8984
0.13509999999999997
2.1515999999999997
1.7228999999999999
0.2088
0.2296
0.5751
-0.13000000000000003
0.5495999999999999
0.10259999999999993
0.028699999999999976
0.8164
-0.020599999999999993
-0.08770000000000004
0.28049999999999997
0.7382000000000001
-0.5464
-0.14430000000000004
0.1112
-0.4939
-0.2424
-1.3124
-0.006600000000000002
-0.061
-0.2269
-0.3879000000000001
0.5501
-0.6221000000000001
-0.1731
-0.1596
-0.4546
1.016
0.04869999999999997
0.5773
0.2198
0.7208
0.0
0.19909999999999992
0.09469999999999998
-0.8752000000000001
0.7193
0.5477
1.0234999999999999
0.4179999999999999
0.2292
0.6393
-0.30330000000000007
-0.1975
0.88
0.2176
0.0728
-0.5752
0.5962999999999999
-0.39790000000000003
0.44289999999999996
-0.05080000000000001
-0.2532
0.7749
0.12390000000000001
0.1969
0.2673
-0.29700000000000004
0.22569999999999998
-0.18380000000000005
0.3464
0.0474
-0.08310000000000002
-0.4314
-1.8143
-2.9245
-0.4546
-0.054
-0.13960000000000003
0.1461
0.10569999999999997
-0.1801
-0.9807
-1.4253
0.2176
-0.19069999999999998
-0.3972000000000001
0.13099999999999998
0.40449999999999997
0.3137
-1.7075000000000002
-0.32780000000000004
-0.5421
0.6187
0.2244
-0.5052
0.1436
1.7223
0.4782
-0.212
-0.1945
-0.25540000000000007
0.022500000000000003
0.23099999999999998
-0.4493000000000001
0.3363
-0.2678999999999999
0.004
1.3387
0.0449
-0.6062
0.3878
-0.053299999999999986
-0.053299999999999986
0.0474
-1.3683
1.1421999999999999
0.9667000000000001
0.2346
-0.3873
0.020800000000000023
-1.0983
-0.2961000000000001
-0.5164
0.2511
-0.9025000000000001
-0.9205000000000001
0.0
-0.09870000000000001
-1.0528
-0.9262000000000001
-0.3682
-0.3454
-1.5176
0.008
-0.1278
-0.7541000000000001
-0.9668
-0.09510000000000002
-0.8316
-0.4912
-1.5236
-0.7332000000000001
-0.3781
0.0
-0.0048
-0.1894
0.6295
0.9724999999999999
0.1086
-0.08900000000000005
0.14339999999999997
0.2671
-0.8393
0.4491
0.8843
0.3589
0.12919999999999998
-0.4902
-0.0048
-0.4305000000000002
-0.4787
-0.7566
-1.7481000000000002
0.00029999999999989844
-0.3299
-0.8697
0.823
-1.4619
0.06139999999999995
-2.0128
-2.0179
-0.3941
-0.5769000000000001
-1.5546
-0.8533000000000001
0.004
0.6801
-0.335
-0.9238000000000001
0.0
0.2315
0.2315
0.0
-0.5365
0.0
-0.49440000000000006
0.004
-0.587
-0.1395
0.2198
0.0
-0.4388
0.0
-0.10319999999999999
-0.1889
-0.0007999999999999995
-0.08990000000000008
0.1636
0.0
0.1359
0.1611
-0.49500000000000005
0.004
0.04409999999999997
1.0088
-0.2922
0.06420000000000001
0.2602
0.7929999999999999
0.3694
0.6454
0.323
0.3378
-0.5105
0.21739999999999995
1.0427
-0.07890000000000005
0.9692000000000001
-1.0428
-0.8035000000000001
0.5253
0.1359
0.0
-0.09810000000000002
0.011199999999999998
0.4052
0.7738
0.0
3.7073
-0.2829000000000002
0.007399999999999959
0.0
0.1025
-1.2204
-0.041100000000000025
-0.3602
-0.06270000000000006
0.05379999999999996
0.1131
0.2325
0.7806
0.18569999999999998
-0.7051000000000001
-1.7566000000000002
1.3435
0.0
0.0
-0.44950000000000007
0.5538
-0.9352
0.004
-0.29500000000000004
-0.22610000000000002
0.3716
1.0087
0.5431
-0.48700000000000004
0.4999
-0.326
-0.4063
-0.0048
-0.34900000000000003
0.2216
0.039699999999999985
0.4304
0.7294
-0.36630000000000007
-0.11490000000000002
-1.336
0.45489999999999997
0.44739999999999996
1.3728999999999998
2.2426
0.2315
-0.022699999999999998
0.12919999999999998
-0.38910000000000006
0.06099999999999997
-0.1841
0.5495999999999999
-0.0588
-0.23560000000000006
0.10259999999999993
0.5759
1.5686
-0.6079
-0.3505
0.0
-0.1683
-0.038400000000000004
0.0
0.0
0.49649999999999994
-0.4939
-0.6092
-1.5324
0.26449999999999996
0.2788
-0.006600000000000002
-0.39830000000000004
-0.2341
-0.061
0.2235
-0.4183
-0.3879000000000001
0.3591
-0.6221000000000001
-0.1731
-0.1596
-0.4546
0.2176
0.04869999999999997
-0.5915
-0.12670000000000006
0.5773
0.5872
0.0
0.858
0.7208
-0.0048
0.20389999999999991
0.2788
-0.6761000000000001
1.0234999999999999
-0.534
-0.4902
0.4179999999999999
-1.3717000000000001
0.2662
-0.4071
0.6393
-0.4402
-0.20740000000000003
-0.26860000000000006
-0.1975
0.32699999999999996
0.2176
0.0612
0.065
-0.5094
0.13269999999999998
0.40259999999999996
0.44289999999999996
-0.1801
-0.2532
0.12390000000000001
-0.033699999999999994
-0.5326000000000001
0.8893
-0.1837
0.1961
0.566
0.22929999999999995
0.2673
-2.391
-0.7459000000000001
0.6352
-0.29490000000000005
0.3399
0.156
0.05649999999999998
-0.3336
0.060799999999999965
0.0474
0.8817
0.6404
0.3978
0.0797
-0.1841
-1.0803
-0.5871000000000001
-0.1889
-0.2675
-0.2675
-0.1841
-0.45930000000000004
-2.4652
-0.4546
-0.054
0.0
-0.13960000000000003
-0.4546
0.1461
0.10569999999999997
0.11449999999999998
-0.0588
0.0023999999999999985
0.0023999999999999985
-0.9807
-0.2429
0.0
-0.5014
-0.25350000000000006
-0.7899
0.5328
-0.33830000000000005
0.7859
-0.0242
0.0
-0.035
1.259
0.0
-0.8296000000000001
-0.32780000000000004
-0.6685000000000001
-0.5216000000000001
0.2244
-0.054
0.1554
0.5173
1.7223
0.0
0.9188999999999999
-0.2674
0.4501
0.249
0.4374
-0.9916
0.2315
0.0
1.1548
-0.13130000000000008
-0.5397000000000001
-0.25540000000000007
0.23099999999999998
0.43779999999999997
-0.13100000000000003
-0.9151
1.1741
0.0019000000000000128
1.3387
-0.4617
-0.053299999999999986
0.4483
0.0474
-0.6931
0.0
0.5914
0.0
0.4658
0.3557
0.5622
-0.09290000000000008
0.208
-0.27680000000000005
-1.1023
-0.4850000000000001
-0.5164
-0.26460000000000006
-0.1901
-1.3941000000000001
0.2511
-0.37710000000000005
0.0
-1.5545
0.1464
0.0
-1.3611
-0.5086
0.008
0.4936
-0.3682
-0.3454
-0.8339000000000001
0.19429999999999997
-0.2381
-0.0048
-0.36900000000000005
-0.09510000000000002
0.27569999999999995
0.0
-0.3934
0.0135
0.0135
-0.6395000000000001
0.0
0.0
0.7711
-0.3781
-0.5872
-0.00240000000000002
-0.0048
-0.2389
0.1614
0.5875
0.6562
0.31629999999999997
0.1086
0.26069999999999993
-0.42900000000000005
0.0015999999999999903
0.060399999999999995
0.5581
0.033499999999999974
0.4491
0.0
0.21459999999999996
0.38059999999999994
-0.3717000000000001
-0.4902
0.5156
-0.4305000000000002
0.0
-0.7391000000000001
-0.3348
0.0514
-0.4787
-2.1681
-0.7566
-0.3961
-0.534
-0.39
0.823
0.3591
0.06139999999999995
-2.0128
-0.0048
-0.1841
0.052700000000000025
-0.054
0.3986999999999999
0.37199999999999994
-0.5769000000000001
0.03939999999999999
0.266
-0.4085
0.0
-0.751
0.7432
1.2932000000000001
0.5604
-0.7181000000000001
-0.8454999999999999
-2.0725000000000002
-2.0725000000000002
-0.6768
0.047099999999999975
0.2828
-0.6435000000000001
0.0
-0.5791999999999999
-1.5361
0.0
-2.3251
-0.2381
-0.2429
-0.1491
-1.2995
-3.6871
0.0
0.1359
-1.0566
-0.4882
-1.0361
-0.54
-0.22859999999999997
-0.4781
0.2128
-0.05980000000000005
0.3685999999999999
0.18099999999999997
0.28409999999999996
-0.21780000000000005
0.0612
-0.4753
-0.301
0.011199999999999998
0.0612
0.0652
-0.4084
0.004
0.2176
1.3697
0.7933
-0.5483
-0.6791
-0.12290000000000001
0.0
0.2828
0.2216
-1.0296
-0.7150000000000001
0.0
-0.2088
-0.07059999999999997
-0.317
1.9874
-0.3204
0.033499999999999974
-0.054
-0.2353
-0.0048
-0.5107
-0.4902
-0.06480000000000004
-0.5734
-0.0504
-0.0504
0.464
0.0
0.2176
0.1422
0.007199999999999998
0.5399999999999999
0.8373
-0.054
-0.12290000000000001
0.0612
-0.4144
-0.31060000000000004
0.0
0.1303
0.36279999999999996
-0.26060000000000005
-0.6291
-0.3565
-0.14720000000000005
0.541
1.8507999999999998
0.26709999999999995
0.44739999999999996
0.0484
-0.1841
0.0
-0.1841
0.028699999999999976
-0.36200000000000004
0.32689999999999997
0.1096
0.004
0.1971
0.4525
0.011199999999999998
0.0
0.0
0.0
-0.0007999999999999995
-1.9646000000000001
1.6313
-0.301
0.0
-0.18520000000000014
-0.14340000000000003
-0.1812
0.6368999999999999
-0.4566000000000001
-0.7236000000000001
-0.33980000000000005
-0.335
-1.7772000000000001
0.47839999999999994
0.4584
0.033600000000000005
-0.045899999999999996
0.0
-0.4273
-1.2449000000000001
0.0
0.4628
-0.05
0.5106999999999999
-1.0893
0.22039999999999998
-0.1092
0.4352
-0.7633
-0.18720000000000003
-1.0771
-0.6545000000000001
0.024199999999999996
0.13829999999999995
-0.7351
-2.5252000000000003
0.0
-3.5636
-1.5861
0.3248
-1.4175
-1.1155000000000002
0.7279
-2.0597000000000003
-0.4357000000000001
-0.15190000000000003
0.506
0.40029999999999993
-0.1841
-0.14590000000000006
0.2216
-0.1841
0.16489999999999996
-1.3125
-0.7219
0.08989999999999997
-0.167
1.4862
0.8745999999999999
0.2267
-0.19830000000000003
0.6356
0.004
-0.12010000000000001
0.0
0.44599999999999995
0.15989999999999996
0.5262
-0.28279999999999994
-0.6739
0.0
-0.21170000000000005
-0.5789
-0.8584
-1.5008000000000001
-1.715
-0.1841
0.07199999999999994
0.004
0.0162
0.025500000000000023
-0.9549000000000001
-0.03340000000000002
0.7199
0.033499999999999974
-1.4114
0.36679999999999996
-0.6829000000000002
-0.35830000000000006
-0.7784
0.9349
0.7484999999999999
-0.3147
-0.8747
-2.1871
0.0
-1.144
-1.9311
-1.5757
0.169
-2.9104
-2.0928
-6.3306000000000004
0.0474
-2.0584000000000002
-0.47100000000000003
0.0
-0.051000000000000045
-0.8852000000000001
-2.2858
-1.2048
0.0474
-0.5198
0.0
0.0
-0.2541
-0.1801
-0.5271
-1.6799
-0.5283000000000001
-0.3215
0.6502
-0.9752000000000001
0.0
-0.6767000000000001
0.025099999999999973
-0.7269
-0.15550000000000003
-6.0436000000000005
-2.0048
0.3326
-0.34170000000000006
0.2704
-0.2223
-0.1327
0.0
0.0948
-1.5424
-0.3437
-1.4019000000000001
0.9842
-0.788
0.09459999999999984
0.95
-1.4431
-0.7972
-0.5325000000000001
-0.06910000000000001
0.505
0.23800000000000002
-0.39049999999999996
-1.5310000000000001
-0.7618
-1.3948
-2.2385
0.03639999999999999
-1.0790000000000002
-0.054
0.2459
-1.836
0.2709
-0.5152
0.14849999999999997
0.0564
0.023399999999999893
-0.05120000000000002
-0.35730000000000006
-0.4046
0.6977
-0.37059999999999993
-0.11369999999999998
0.0612
0.0938999999999999
-1.2916
-0.1841
0.004
-0.39860000000000007
-2.2385
0.0
-0.5598
-0.5598
-0.5804
-0.5804
0.3801999999999999
-0.5452000000000001
-0.5349
-0.6743
0.0
-1.0790000000000002
-0.19260000000000002
0.10689999999999997
0.2176
0.2176
0.0
-0.26970000000000005
0.004
-0.0935
-0.054
0.7226999999999999
-0.4902
0.1224
0.2459
0.2216
0.0
-4.3695
0.0
-4.3695
-0.4726
-2.1539
-1.4302000000000001
-0.1889
-0.1889
-2.1667
-2.1667
0.20969999999999997
0.20969999999999997
-0.2988
-1.7242000000000002
-1.7242000000000002
-0.0588
0.0564
-0.06170000000000002
-0.4902
0.023399999999999893
0.0474
-0.24010000000000004
-0.35730000000000006
-0.3934
-0.8391
0.9748
-0.1841
-0.3761
0.09899999999999995
0.0
0.0612
0.0
0.0612
-0.5886
-0.14400000000000004
0.23789999999999994
-0.8454999999999999
0.27499999999999997
-2.4327
-2.2566
-0.8609
0.26469999999999994
0.7823999999999999
-0.3282000000000001
-0.1841
-0.3492
-0.11019999999999999
-0.03680000000000003
0.0
-0.4902
-0.5791999999999999
-1.0459
-0.5817000000000001
-0.6058
-0.4373
0.2838
-0.4546
-0.9804
-0.7525000000000001
-0.2191
-0.2381
-0.2429
-0.1491
-0.1491
-0.36849999999999994
0.7242000000000001
0.3557
-1.2995
-1.2995
0.0
-3.6871
-0.2381
0.0
0.8331999999999999
0.0612
-0.29510000000000003
0.1505
0.2788
-0.1841
0.0
-1.1029
0.0
-0.1859000000000001
-0.5897
-0.54
0.004
0.004
0.33509999999999995
-0.5466
-0.4781
0.2176
-0.12290000000000001
0.09869999999999997
-0.05980000000000005
0.34079999999999994
-0.27260000000000006
0.6412
0.18099999999999997
0.6773
-0.6671
0.007199999999999998
-0.4753
-0.301
0.011199999999999998
0.08259999999999995
0.0612
-0.363
0.0652
0.0
-0.05500000000000005
-0.5483
0.7242000000000001
-0.35270000000000007
0.0
-0.07059999999999997
-1.3387
-2.8228
0.3716
-0.6743
-0.6251000000000001
0.4352
-1.458
1.9874
0.2198
0.033499999999999974
-0.054
-0.0038000000000000082
-0.0048
-0.4902
-0.27040000000000003
-0.8007000000000001
1.2204
0.0
0.2176
-0.3189000000000001
0.0
0.0
0.0
0.0
-0.4222
-0.993
-0.21130000000000002
-0.9585
-0.7045999999999999
0.39339999999999997
0.2927
0.0514
-0.06949999999999998
-0.0834
-0.0114
0.23309999999999997
0.23309999999999997
0.5312
-0.0007999999999999995
0.028699999999999976
-0.36200000000000004
-0.36200000000000004
0.0484
-0.2925
-0.5450000000000002
0.004
0.004
0.006199999999999949
-0.1841
-0.27260000000000006
0.2216
0.0
0.6
0.0
-0.301
-0.5442
0.0
-0.08940000000000003
-0.12290000000000001
-0.33980000000000005
-0.2088
0.492
0.44239999999999996
0.0
0.40509999999999996
0.0
0.3812
0.004
-1.0893
0.1787
-1.049
0.1131
0.03489999999999997
-0.27740000000000004
-4.4493
-1.0257
-1.0257
-1.1155000000000002
-0.7434000000000001
-1.0450000000000002
-0.41880000000000006
-1.2108
0.2176
-0.19360000000000005
0.0
-1.2941
-0.42900000000000005
-0.15190000000000003
-0.4298
0.302
0.5972
0.40509999999999996
0.40029999999999993
-0.1841
-0.14590000000000006
-0.5734
0.0
-0.5086
0.16089999999999996
0.0
-0.05450000000000002
1.1515
0.3347
0.0612
-0.47940000000000005
0.007199999999999998
0.007199999999999998
0.0
0.5262
-0.4967
-0.6739
-0.4801
0.0
-0.1841
0.0
-0.8584
-1.5008000000000001
-0.1841
0.0692
0.0114
0.025500000000000023
-0.03340000000000002
-0.9326000000000001
-1.0316
-0.3253000000000001
-0.7447
-0.6829000000000002
0.0612
-0.29710000000000003
-0.35830000000000006
0.494
0.6667
-0.5442
0.7441
-0.19560000000000005
0.3047999999999999
-0.9304
1.2019
1.2019
0.3902
-0.9734
-0.0016000000000000007
0.169
-0.5039
-0.5039
-2.2763
-0.35170000000000007
-0.051000000000000045
-1.5253
-0.8584
0.0474
-0.4863
-0.4863
-0.5271
-0.5271
-0.0174
-0.0174
-1.6799
-1.6799
-0.0048
-0.0048
-0.25070000000000003
-0.3505
0.23309999999999997
0.0
-0.0834
-0.4613
0.7331
-0.4617
-0.9752000000000001
0.0
0.1676
-0.09569999999999997
-0.9994
-0.1277
-0.549
-0.3682
-0.0007999999999999995
0.004
-0.15550000000000003
-0.6743
-1.8758000000000001
-1.0093
-0.09140000000000006
0.004
-2.0048
0.2315
-0.06510000000000009
-0.8457
-0.2223
-0.6703
-0.1327
-0.1327
0.4999
0.11949999999999997
-0.7585000000000001
-0.8623000000000001
-0.12390000000000001
-0.3437
-5.4689000000000005
0.1636
0.03189999999999998
-2.3927
0.18699999999999997
-0.1841
-1.4497000000000004
-0.4104
-0.788
0.8409
-1.4431
-0.7972
-2.3263000000000003
-0.9007000000000001
0.22960000000000005
0.23550000000000001
0.4352
0.4414
-0.40800000000000003
0.9996999999999999
-0.0007999999999999995
0.42910000000000004
0.10830000000000001
0.16249999999999998
0.6200999999999999
-0.5173000000000001
1.0256999999999998
0.3214
0.4809999999999999
-0.5189
-0.4862
1.4247
1.0644
-0.7183
0.7021
0.9032
-0.7616999999999999
-1.0521
0.0727
0.5815
-1.8565
-0.6802
0.17669999999999997
0.8282
0.7273000000000001
0.2402
0.0
-0.1801
0.35140000000000005
0.22569999999999998
0.033499999999999974
-0.5336
0.22569999999999998
-0.3489
0.3557
-0.11379999999999998
-0.8580000000000001
0.42079999999999995
-1.0658
0.5751000000000001
0.2829
-0.2625
0.3892
0.28099999999999997
0.0081
0.030399999999999937
0.2598
-0.046
-0.2880000000000001
-0.18330000000000002
0.5626
-0.8728
-0.018200000000000004
-0.9388
-0.44570000000000004
-0.24880000000000005
0.0
0.0
-1.0622
-0.5309
0.17479999999999998
0.5740999999999999
0.215
0.571
0.531
-0.22210000000000008
-0.49500000000000005
0.0
-0.43160000000000004
-0.15910000000000005
-0.2881
1.2505
-0.3563
0.1747
0.0
0.2176
0.029899999999999982
0.029899999999999982
-0.6585000000000001
0.0
-0.38350000000000006
-0.45670000000000005
-0.007400000000000045
-0.2645
-0.6931
-1.5046000000000002
0.8976999999999999
-0.7489
-0.5075000000000001
-0.2187
-0.5878000000000001
0.0
-0.4862
0.12390000000000001
0.3772
-1.0686
-0.4714000000000001
-0.1841
0.28099999999999997
0.0
-0.23249999999999996
-2.6703
-0.5347000000000001
-0.4573
0.0
0.2292
0.2292
0.2216
0.2216
0.0
0.0
-0.8765000000000001
0.6447999999999999
0.7406
-0.15530000000000005
0.4541
0.8244
0.2176
0.5363
0.2107999999999999
0.5273
0.2112
0.2176
-0.37470000000000003
-0.20060000000000003
-0.6342
-0.1841
0.11889999999999998
-0.4868
-0.32830000000000004
-0.189
0.1878
0.42229999999999995
0.3035
-0.19010000000000005
-0.0306
-0.4869
0.2128
0.4352
-0.6375000000000001
0.3194
-0.44010000000000005
0.3468
0.1131
-0.2429
-0.29950000000000004
-0.1841
-1.8667
0.0
1.7528
-1.0570000000000002
0.5353
0.0247
-1.085
1.2166
0.2152
0.008
0.016399999999999974
-0.3677
-0.8992000000000001
0.18539999999999998
1.2013
-1.0925
0.1096
-1.0658
-1.0867
0.2128
0.5357999999999999
-1.0056
-0.029900000000000145
2.055
-0.7380000000000002
0.2176
-0.0007999999999999995
0.08359999999999992
0.007199999999999998
-0.6712
0.0
-0.24880000000000005
-0.2591
0.0975
-1.0018
0.0
0.02459999999999995
0.033499999999999974
-0.036900000000000086
-0.5605
0.13319999999999996
-0.2715
0.0
-0.11230000000000008
-0.3492
-0.5745
-0.0048
-0.12290000000000001
0.0
-0.49500000000000005
0.0
-0.05110000000000003
0.9034
-0.0588
0.2788
0.195
0.024899999999999905
-0.4546
0.5562
0.0
0.16369999999999998
0.017999999999999967
-0.861
-0.1937
0.37989999999999996
0.6574
0.8215
1.2389
-0.4714000000000001
-0.0096
-0.9531000000000001
-1.7302
-1.9338000000000002
-0.33560000000000006
-0.6857
0.0
-1.1300000000000001
0.6093
-0.12290000000000001
-0.15530000000000005
0.2256
0.0
0.5363
-0.054
0.2216
0.23559999999999998
0.21259999999999998
-0.8515
0.0
2.4568
-1.842
-1.2335
0.2128
-0.07000000000000008
0.1636
0.5591999999999999
-0.6874
-0.2933
0.3716
0.0612
-0.9282000000000001
-0.13610000000000003
-0.023400000000000035
-1.1602000000000001
0.22459999999999994
0.30779999999999996
-1.1603
0.17220000000000002
0.004
-0.028999999999999998
-0.39440000000000003
1.4831
-0.1182
-0.4434
-0.4589000000000001
-0.6737
0.04929999999999998
0.04119999999999997
-0.4717
0.3117
-1.0095
0.0
-0.2288
-0.0504
0.0564
-0.1812
-0.3187
-1.0048
-0.1975
0.008
0.2176
0.0
-0.4902
-1.0111
0.0
-0.3642
-0.1801
-0.15140000000000003
-0.5483
0.6148
-0.9975
0.6607
-0.18540000000000004
-0.8227000000000001
-0.48540000000000005
0.2128
0.4491
-0.43270000000000003
0.0
0.4150999999999999
-0.9222
0.0
-0.473
0.2835
-0.1769
-0.0096
0.3307
-0.4402
0.0
-0.0048
-0.9651
0.49829999999999997
-0.9198000000000001
-1.5491
-0.5217
0.0
0.36839999999999995
0.051100000000000034
0.5646
-0.0202
0.5548
-0.1889
-0.0048
0.0
-0.3363
0.004
-0.4818
0.34729999999999994
-0.041100000000000025
0.033499999999999974
-0.3842
-0.3551
-0.0048
0.01489999999999999
0.2294
-0.7762000000000001
1.1335
0.7626
-1.5187000000000002
-0.1801
0.2967
-0.46249999999999997
-0.2341
0.0514
0.2868
0.0087
0.0
0.03749999999999998
0.19549999999999998
-0.1812
0.8604999999999999
-1.7054
-0.1319
-0.4183
-1.8305000000000002
-0.7628
-0.44090000000000007
-0.0048
0.21619999999999998
-1.3756
-0.45220000000000005
0.25349999999999995
-0.01950000000000006
-0.1758
-0.5413
-0.2519
-0.788
0.0306
-1.0925
-1.7665000000000002
-0.0834
0.0
0.0
-0.2249
-0.3682
-0.6705000000000001
-0.2803
1.1117
-1.2097
-0.6739
-0.626
-0.5122
0.40659999999999996
-0.4682
-0.24970000000000003
-2.2213000000000003
0.1676
0.4695
0.187
-0.5529999999999999
-0.05430000000000002
0.0
0.4396
0.004
-0.1841
0.2844
0.5872
-0.26860000000000006
0.0
-0.07000000000000008
-0.4902
0.8479
0.4169
0.20569999999999997
0.023899999999999977
-0.5734
-0.4753
0.2176
0.9922
-0.4862
0.0
-0.6874
0.018799999999999976
0.7365
-0.1801
0.0
0.5737
0.0
0.7741
-0.6642
0.01749999999999996
0.0612
-0.27260000000000006
0.0844
0.0
0.03749999999999998
-0.27260000000000006
-0.0048
-0.13610000000000003
0.28429999999999994
-0.05780000000000002
-0.22120000000000012
0.0652
0.2128
0.0797
-1.8115
-0.4967
-0.45659999999999995
1.5517
1.2330999999999999
-0.8497
0.033499999999999974
-0.0515
-0.028999999999999998
-0.3109
-0.5284000000000001
-0.5086
-0.39440000000000003
-0.42900000000000016
-1.3927
-1.1639
-2.0498
-0.883
0.046000000000000006
-0.12290000000000001
-3.2836000000000003
-0.012100000000000062
0.463
0.0612
-0.0048
0.0
0.2176
-0.0242
0.0
0.007800000000000029
-0.12290000000000001
0.1131
-0.5344
0.0
0.032299999999999995
-0.334
-1.0048
0.0135
-0.1975
0.0
0.004
0.008
0.6588999999999999
-0.5187
-0.0007999999999999995
-1.0807
-0.11300000000000002
-1.2548
-0.1841
0.0
-0.0048
0.06639999999999997
-1.2707000000000002
-0.22780000000000006
0.39159999999999995
-1.0552
-0.10690000000000006
0.6607
0.14429999999999998
-0.8227000000000001
0.3438
-0.8551000000000001
-0.21000000000000008
0.6519999999999999
0.0
-0.2983
0.0
-0.1841
-0.43270000000000003
-0.1841
-0.054
-0.6002000000000001
-0.0048
-0.2816
-0.3256
-1.9622000000000002
0.15689999999999998
-0.8592000000000001
0.0135
0.0
0.0
0.0
-0.049400000000000006
0.34
-0.2088
0.0
-0.7460000000000001
-0.3763
0.04369999999999998
-0.4959
0.2176
-0.0548
0.6896
-0.041100000000000025
-0.3551
-0.005599999999999999
0.2927
-0.1761
0.008
0.2967
-0.44110000000000005
-2.2232000000000003
0.0514
0.8678
-1.07
0.37639999999999996
0.872
-0.37300000000000005
-0.7106
0.0033999999999999586
-0.1266
-0.1841
-0.9275
0.0
0.0
0.7828999999999999
-0.9877
-0.00610000000000005
0.27890000000000004
-0.054
-0.49100000000000005
0.0
0.24080000000000001
0.2176
-0.3119
-0.1758
0.9117999999999999
-1.1918
-1.2869000000000002
-0.2675
-0.0048
0.3796
0.004
-0.055400000000000005
-1.2926000000000002
0.44239999999999996
0.0
-0.7506
0.2788
0.01629999999999998
-0.3613
0.27780000000000005
-0.1374
0.1066
0.9643999999999999
-0.9636
-0.2241
-0.6724
-1.0776999999999999
1.159
-1.0928
-0.4166000000000001
-1.4592
-0.3244
-0.2185
-0.1841
-0.6503
0.03570000000000001
-0.37920000000000004
0.6285
0.9322
-0.0795
-0.1801
0.6366999999999998
0.4039
0.007199999999999998
-0.12290000000000001
0.0
0.0549
-1.861
-0.14660000000000004
-1.6166
-1.4305
0.00990000000000002
0.2717
-2.8581000000000003
-1.9982000000000002
-0.45790000000000003
-0.5531
0.4501
0.0
-0.5543
-0.6264000000000001
-0.054
0.0
0.4304
0.2879
-0.8199000000000001
0.0
-0.2979
0.258
-0.4426
0.0
-1.0558
0.6801999999999999
-0.12690000000000004
-0.09910000000000009
-0.9121
2.7028
-0.1132
0.13099999999999995
-0.0766
1.7019
0.5091
-0.43460000000000004
-0.49040000000000006
-0.1841
-0.0007999999999999995
0.2168
0.2823
0.0
0.5892
0.19979999999999992
0.0
-0.0048
-0.5723
0.0
0.40909999999999996
-0.7589
0.06860000000000001
-0.1841
-0.3394
-0.6609000000000002
0.2216
0.18899999999999997
0.2176
0.0
-0.407
0.08189999999999997
0.28029999999999994
0.0
-0.36900000000000005
-0.0096
0.18889999999999998
0.4483
-0.18720000000000003
-0.1683
0.08969999999999997
0.3733
0.24959999999999993
-0.9895
0.0
-0.3306
-0.5402
0.0
-1.0068
-0.1812
-0.7245
-0.2091
0.5059
0.5618
0.2176
1.1229
0.004
0.03570000000000001
-0.15460000000000007
-0.15730000000000008
-1.0725
0.0
0.17370000000000002
0.0
-0.1841
0.0
-0.7604000000000001
0.44049999999999995
0.2788
-0.11890000000000002
0.357
-0.4546
0.0744
-0.027000000000000027
-0.6989000000000001
0.6327999999999999
0.02510000000000001
-0.4736
-0.1841
0.1716
0.0
0.2176
-0.7581
-0.1651
0.5733
-0.6199
0.18399999999999994
-0.3306
0.37879999999999997
0.0
-0.9528000000000001
0.6061
0.5048
0.5031
0.008
-0.4767
0.1801
-2.2502
0.2216
0.21869999999999998
-0.6269
0.028699999999999976
-0.42700000000000005
0.07689999999999997
-0.15060000000000004
0.3307
-0.6743
0.175
-0.054
-1.1801
0.0121
0.0121
-0.6776
0.007199999999999998
0.4501
0.1926
-1.0196
-0.36900000000000005
-0.37420000000000003
-0.6435
-0.11740000000000003
0.7242000000000001
0.0
-0.11650000000000008
-0.6791
0.015299999999999946
0.006999999999999951
-0.2715
-0.2023
0.0
-1.3094
0.4426
-0.2341
0.2176
0.041499999999999974
0.7037
-0.2798
0.19019999999999998
-1.1199000000000001
0.6137
-0.5211
1.0292
0.5768
-1.9026
0.3651
0.15380000000000002
0.2612
1.6614
0.2754
0.1968
0.011499999999999982
0.07779999999999998
0.28099999999999997
-0.09970000000000008
-0.5141
0.3305
0.3416
-0.5086
-0.18390000000000004
-0.516
-0.201
-0.2381
0.5932
0.2292
0.0474
-0.11080000000000004
-0.4902
-0.3487
0.7666999999999999
-0.3934
-0.15060000000000004
0.0842
0.1131
0.011200000000000002
0.004
0.2176
0.004
-0.5723
-0.7110000000000001
0.004
0.40909999999999996
-0.5866
-0.1801
0.4336
0.0
-0.6972
0.0
0.012199999999999985
-0.0048
-0.6395
-0.1897
0.7277
1.0159
0.13669999999999996
0.05299999999999997
-0.23700000000000002
-0.9712000000000001
0.004
0.5831000000000001
0.5831000000000001
-0.24470000000000003
0.446
-0.6473
-0.3306
0.2176
0.4629
-0.5199
-0.33080000000000004
-0.4902
0.0
-0.5225
0.0
-0.6100000000000001
0.4927
-0.2127000000000001
-0.44259999999999994
0.8075
0.464
0.1757
-0.23700000000000002
-0.3394
-0.6321
-1.1477
-0.0048
0.0
0.0564
0.0
-0.7206
0.004
0.2315
1.1842
1.1192
0.2602
0.6454
1.0427
-1.0428
-0.7628
-0.4948
0.7738
0.5179999999999999
0.28099999999999997
0.1131
0.7806
-0.1402
0.10529999999999992
0.8678
0.2128
0.2682
0.10979999999999995
-0.6291000000000001
-0.9583999999999999
0.2788
0.858
0.2662
0.4438
-0.8138000000000001
-0.1837
-0.14590000000000003
-0.1841
-0.005599999999999999
-0.4546
0.11449999999999998
-0.5412
0.0023999999999999985
-0.7899
0.9225
-0.41230000000000006
-0.5397000000000001
-1.4084
1.0234
0.4483
-0.05180000000000009
0.0
-0.49210000000000004
0.3412
0.5418999999999999
-0.4222
-0.044600000000000056
-0.09530000000000004
-0.3539
-0.45670000000000005
-0.22130000000000008
0.033499999999999974
0.0
-0.3717000000000001
0.0514
0.2716
-1.0878
-0.4222
0.03939999999999999
0.266
0.0484
0.0135
-0.054
0.05730000000000002
0.2558999999999999
0.4503
0.04159999999999997
0.8412
1.1192
0.0747
-0.10900000000000004
0.0
0.2828
0.07369999999999996
-0.5571
0.004
0.023399999999999997
0.0
-0.14100000000000004
-0.1841
0.2128
0.2296
0.6830999999999999
-0.38910000000000006
-0.667
0.10979999999999995
-0.33470000000000005
-0.49760000000000004
0.7780999999999999
0.46849999999999997
0.3716
0.004
0.0
0.19140000000000001
0.2292
0.1817
0.0
0.13619999999999996
0.7749
-0.043099999999999986
0.0
0.33369999999999994
-0.1801
-0.0562
0.0
0.02840000000000001
0.2176
-1.0264
-0.0096
-0.1801
-0.5014
-0.6704
-1.0242
0.09869999999999997
-0.8545
-0.4546
-0.5052
-0.3394
0.2325
0.0
0.0
-0.893
-0.016299999999999995
0.0612
0.4483
-1.5871000000000002
0.37079999999999996
-0.1345
-0.3873
0.587
-0.488
-0.2837
0.10410000000000003
0.0
-0.428
-0.11190000000000008
-2.4336
-0.22130000000000008
-0.1894
-0.8393
-0.1801
0.2267
0.4491
0.033499999999999974
-0.4305000000000002
-0.4787
-0.17770000000000002
-2.0017
0.012
-1.5546
-0.8533000000000001
0.8278
-0.3282000000000001
-0.4902
0.03169999999999993
-0.778
0.42929999999999996
-0.0048
0.0
-0.363
0.0
0.08989999999999997
-0.5238
-1.8767
0.3716
-1.458
-1.458
0.31079999999999997
0.8068
-0.44389999999999996
-0.27260000000000006
-0.1935
0.0
0.0
-1.0293
0.0
-0.3983000000000001
0.11069999999999998
0.006199999999999949
-1.2816
0.0
0.0
0.0
-0.5814
-1.8676000000000001
-0.27740000000000004
0.40509999999999996
0.0
-0.6935
0.2618
-0.0834
0.4734
-0.8753000000000001
-0.4967
0.3223
-0.0048
-0.0834
-0.301
-1.0316
-0.3253000000000001
0.5528
0.8514999999999999
-1.0308
0.2315
0.8678
-0.4613
-0.7919
-0.1841
-0.22430000000000003
-1.8601000000000003
-0.301
-0.1801
-0.39860000000000007
0.3801999999999999
-0.7168000000000001
-0.0935
-0.4902
0.1224
-0.6499
-4.8421
-2.2279
0.8200999999999999
-0.3761
0.2176
-1.0790000000000002
-0.6743
0.0
-0.1313
-0.1841
-0.6499
-0.0588
0.265
0.03749999999999998
0.6977
-0.38630000000000003
0.0612
0.0612
0.2838
0.0
0.0612
0.0
0.010499999999999995
0.08979999999999999
-0.1801
0.007199999999999998
-0.0005000000000000213
-0.515
0.2619
0.0
0.6591999999999999
0.34809999999999997
0.07019999999999994
0.10819999999999998
-0.1841
0.1554
0.040799999999999996
-0.4373
-0.2649
0.0
0.0
0.0
0.0
0.033499999999999974
0.8129
0.3278
-0.37530000000000013
0.48119999999999996
-3.8374
-0.30879999999999996
-0.27740000000000004
0.024199999999999996
-0.9237000000000002
-1.2013
-0.3559
1.2334
0.657
-0.28279999999999994
0.0
0.025500000000000023
0.7199
-0.7784
0.09709999999999996
-1.1313
0.0
0.3508
-0.2061
0.033499999999999974
0.0
-0.06999999999999998
0.033499999999999974
0.004
0.8678
0.6502
0.2973
0.206
-0.6703
-0.4862
0.9842
-0.24710000000000007
0.09459999999999984
0.8717
-0.9007000000000001
